NOAA 15                 
1 25338U 98030A   15166.40207046  .00000208  00000-0  10660-3 0  9999
2 25338  98.7722 165.0365 0010804 167.4684 192.6766 14.25631579888580
NOAA 18                 
1 28654U 05018A   15166.36199301  .00000176  00000-0  12108-3 0  9999
2 28654  99.1835 158.9598 0013745 329.9513  30.0868 14.12207236518815
METOP-A                 
1 29499U 06044A   15166.39923363  .00000124  00000-0  76553-4 0  9991
2 29499  98.6759 225.7730 0001761 122.0559 242.3113 14.21508202448854
NOAA 19                 
1 33591U 09005A   15166.39473774  .00000152  00000-0  10751-3 0  9993
2 33591  98.9896 116.2687 0014052 170.7950 189.3482 14.11944777327231
METOP-B                 
1 38771U 12049A   15167.80226677  .00000103  00000-0  66881-4 0  9997
2 38771  98.6975 227.7370 0001369 136.2162  10.1054 14.21488522142364
SARAL                   
1 39086U 13009A   15166.41534318  .00000103  00000-0  54189-4 0  9992
2 39086  98.5444 354.2392 0001230  42.1122 318.0156 14.32261233120226
