BEIDOU G1               
1 36287U 10001A   15166.66491818 -.00000299  00000-0  10000-3 0  9995
2 36287   1.5516 355.8374 0002628 192.8871  94.3120  1.00274474 19867
BEIDOU G3               
1 36590U 10024A   15166.90881454 -.00000371  00000-0  00000-0 0  9990
2 36590   1.5642  31.0345 0004053 309.4462   0.9467  1.00264636 18473
BEIDOU IGSO 1           
1 36828U 10036A   15166.71322384 -.00000078  00000-0  10000-3 0  9996
2 36828  54.3084 200.7640 0040998 212.8636 225.3942  1.00291160 17915
BEIDOU G4               
1 37210U 10057A   15166.07890552 -.00000128  00000-0  00000-0 0  9993
2 37210   0.7704  42.4283 0006294 150.7164 258.3233  1.00271565 16999
BEIDOU IGSO 2           
1 37256U 10068A   15166.97041101 -.00000258  00000-0  10000-3 0  9990
2 37256  53.9980 319.7566 0036384 201.9293 208.7423  1.00299406 16505
BEIDOU IGSO 3           
1 37384U 11013A   15166.95527073 -.00000218  00000-0  10000-3 0  9994
2 37384  56.9388  80.6349 0024797 191.9459  94.3176  1.00257539 15371
BEIDOU IGSO 4           
1 37763U 11038A   15167.36200650 -.00000027  00000-0  10000-3 0  9995
2 37763  54.6192 203.0021 0037066 207.8331  79.5798  1.00278413 14342
BEIDOU IGSO 5           
1 37948U 11073A   15166.92082390 -.00000189  00000-0  10000-3 0  9998
2 37948  54.0909 319.1963 0031522 197.6571 171.6142  1.00258432 13103
BEIDOU G5               
1 38091U 12008A   15166.86328235  .00000040  00000-0  00000-0 0  9992
2 38091   1.1454  30.0545 0001681 117.8137 125.3447  1.00272049 12171
BEIDOU M3               
1 38250U 12018A   15166.83633833 -.00000071  00000-0  10000-3 0  9999
2 38250  55.7539  78.7822 0022284 210.6590 340.6006  1.86233430 21438
BEIDOU M4               
1 38251U 12018B   15167.88844895 -.00000065  00000-0  10000-3 0  9991
2 38251  55.6908  78.2208 0024687 203.5406  19.5324  1.86234267 21453
BEIDOU M5               
1 38774U 12050A   15166.24532337  .00000073  00000-0  00000-0 0  9995
2 38774  54.7508 198.4385 0033891 174.9397 185.1708  1.86251505 18813
BEIDOU M6               
1 38775U 12050B   15167.45549358  .00000059  00000-0  00000+0 0  9994
2 38775  54.8551 198.0026 0020772 222.3693 265.1196  1.86233161 18821
BEIDOU G6               
1 38953U 12059A   15166.79931044 -.00000153  00000-0  10000-3 0  9995
2 38953   0.2020  49.0801 0001773  84.4105 138.0383  1.00272442  9744
