CUTE-1 (CO-55)          
1 27844U 03031E   15166.23785999  .00000302  00000-0  15716-3 0  9991
2 27844  98.6949 174.7924 0008715 312.0226 177.5235 14.21809246620110
CUBESAT XI-IV (CO-57)   
1 27848U 03031J   15167.72010682  .00000230  00000-0  12528-3 0  9998
2 27848  98.7046 176.1606 0008676 315.3431  96.7384 14.21455900620285
CUBESAT XI-V (CO-58)    
1 28895U 05043F   15167.78206186  .00000828  00000-0  17072-3 0  9990
2 28895  97.8213 355.5752 0015828 300.9790  58.9857 14.62799102513538
NTS (CANX-6)            
1 32784U 08021B   15167.73050639  .00001462  00000-0  17440-3 0  9990
2 32784  97.6481 208.6890 0016125  73.2698  46.9924 14.85626779385997
CUTE-1.7+APD II (CO-65) 
1 32785U 08021C   15166.36351944  .00001904  00000-0  21871-3 0  9996
2 32785  97.6492 209.9937 0014981  74.9980 347.4010 14.86882369385889
COMPASS-1               
1 32787U 08021E   15166.32824498  .00003715  00000-0  38306-3 0  9996
2 32787  97.6513 214.0559 0014482  63.6306 296.6397 14.90734537386180
AAUSAT-II               
1 32788U 08021F   15166.39062778  .00003813  00000-0  38297-3 0  9997
2 32788  97.6524 215.6264 0013824  60.6503 299.6095 14.91778440386234
DELFI-C3 (DO-64)        
1 32789U 08021G   15166.11757941  .00009545  00000-0  77263-3 0  9995
2 32789  97.6718 226.2284 0011774  52.4526   3.6132 14.99900568386664
CANX-2                  
1 32790U 08021H   15166.37458875  .00001829  00000-0  21127-3 0  9994
2 32790  97.6448 208.9760 0015662  75.7552  46.2271 14.86694538385837
SEEDS II (CO-66)        
1 32791U 08021J   15166.07480119  .00003179  00000-0  34474-3 0  9997
2 32791  97.6510 211.6635 0015407  69.8051 290.4822 14.88785573385922
SWISSCUBE               
1 35932U 09051B   15166.38320329  .00000954  00000-0  23026-3 0  9990
2 35932  98.4083 285.0963 0007344 354.6754   5.4364 14.55419698303663
BEESAT                  
1 35933U 09051C   15166.37469831  .00000825  00000-0  19972-3 0  9994
2 35933  98.4095 286.0038 0005882  11.5759 348.5572 14.55608343303715
ITUPSAT 1               
1 35935U 09051E   15167.82349433  .00000672  00000-0  16739-3 0  9990
2 35935  98.4202 287.7056 0007836 353.3426   6.7665 14.54848363303874
TISAT 1                 
1 36799U 10035E   15167.81916126  .00002761  00000-0  30274-3 0  9992
2 36799  98.0167 268.1891 0012549 202.4976 275.4941 14.88527341266901
M-CUBED & EXP-1 PRIME   
1 37855U 11061F   15166.18237734  .00008826  00000-0  52718-3 0  9991
2 37855 101.7174  18.3338 0194006  79.1377 283.1596 14.97099257196857
AAUSAT3                 
1 39087U 13009B   15166.78960139  .00000564  00000-0  21307-3 0  9993
2 39087  98.6044   5.2153 0011915 317.7616  42.2654 14.35118180120451
STRAND-1                
1 39090U 13009E   15166.35234031  .00000220  00000-0  93390-4 0  9996
2 39090  98.6087   5.2630 0008385 316.9887  43.0642 14.34795325120367
BRITE-AUSTRIA           
1 39091U 13009F   15166.12720469  .00000166  00000-0  73980-4 0  9999
2 39091  98.6037   4.7079 0009861 326.0485  34.0068 14.34889383120359
UNIBRITE                
1 39092U 13009G   15166.13149282  .00000162  00000-0  72840-4 0  9999
2 39092  98.6038   4.5174 0008586 319.2302  40.8239 14.34762235120340
AIST-2                  
1 39133U 13015D   15166.90549370  .00002042  00000-0  16213-3 0  9999
2 39133  64.8758  77.9521 0033580 240.1792 119.5961 15.03009060118190
SOMP                    
1 39134U 13015E   15166.09953259  .00008353  00000-0  48656-3 0  9992
2 39134  64.8743  64.1976 0031123 252.1266 107.6462 15.12191049118000
BEESAT-2                
1 39136U 13015G   15166.21882172  .00006718  00000-0  41146-3 0  9993
2 39136  64.8749  66.2001 0031664 251.0443 108.7247 15.10562849118365
NEE-01 PEGASUS          
1 39151U 13018B   15166.19863488  .00001359  00000-0  19124-3 0  9996
2 39151  98.0170 250.3670 0016094 258.9799 100.9602 14.78896801115173
CUBEBUG-1 (CAPITAN BETO)
1 39153U 13018D   15166.19052791  .00001580  00000-0  21949-3 0  9999
2 39153  98.0174 250.5604 0015925 258.4691 101.4733 14.79236515115189
ESTCUBE 1               
1 39161U 13021C   15167.79313873  .00001258  00000-0  21220-3 0  9994
2 39161  98.0707 250.7239 0008764 323.9002  36.1595 14.71177378113184
POPACS 1                
1 39268U 13055D   15166.34173464  .00012161  00000-0  37884-3 0  9997
2 39268  81.0101  46.7309 0700745 192.0240 166.3441 14.18911024 86292
POPACS 2                
1 39269U 13055E   15165.35962893  .00008101  00000-0  25271-3 0  9996
2 39269  81.0226  50.9948 0733723 204.6319 151.8111 14.11923506 86199
POPACS 3                
1 39270U 13055F   15166.40149582  .00006195  00000-0  20406-3 0  9993
2 39270  81.0095  51.5917 0747717 207.4022 148.5796 14.07768631 87440
PHONESAT 2.4            
1 39381U 13064B   15166.23435045  .00026585  00000-0  58327-3 0  9997
2 39381  40.4984 114.0993 0013425 257.4257 102.5058 15.43328792 87515
ORSES                   
1 39386U 13064G   15166.20054973  .00057824  00000-0  87033-3 0  9992
2 39386  40.4961  97.5308 0015809 256.5587 103.3471 15.53764417 85339
PROMETHEUS 1-4          
1 39390U 13064L   15166.23730001  .00068092  00000-0  92473-3 0  9996
2 39390  40.4947  94.1920 0016909 259.1962 100.6955 15.56475457 84454
PROMETHEUS 1-2          
1 39391U 13064M   15166.22754121  .00067495  00000-0  91063-3 0  9995
2 39391  40.4950  94.1178 0016928 259.0730 100.8186 15.56653746 84454
PROMETHEUS 1-5          
1 39393U 13064P   15165.88254909  .00072249  00000-0  92950-3 0  9996
2 39393  40.5132  94.9791 0016751 262.4018  97.4901 15.57901645 84427
PROMETHEUS 1-6          
1 39394U 13064Q   15166.20799373  .00068511  00000-0  92165-3 0  9998
2 39394  40.5117  94.7979 0016962 263.0354  96.8538 15.56726445 84455
FIREFLY                 
1 39404U 13064AA  15166.24761541  .00021815  00000-0  52002-3 0  9992
2 39404  40.5123 118.6448 0010239 246.7868 113.1870 15.40967381 87050
VERMONT LUNAR           
1 39407U 13064AD  15166.22958224  .00077138  00000-0  96659-3 0  9994
2 39407  40.5165  92.4732 0017052 259.5518 100.3383 15.58569512 82682
PROMETHEUS 1-3          
1 39408U 13064AE  15166.25597062  .00068259  00000-0  91339-3 0  9991
2 39408  40.4955  93.4681 0016767 260.3812  99.5114 15.56873282 82661
ZACUBE-1 (TSHEPISOSAT)  
1 39417U 13066B   15166.23696216  .00002163  00000-0  28563-3 0  9993
2 39417  97.7306 228.8274 0061563 141.9025 218.6564 14.79712976 84348
WNISAT-1                
1 39423U 13066H   15167.14677455  .00000536  00000-0  11704-3 0  9996
2 39423  97.7013 205.6643 0176172 206.3699 152.8456 14.52413758 82950
CINEMA-2 (KHUSAT-2)     
1 39424U 13066J   15166.37058131  .00001473  00000-0  22922-3 0  9990
2 39424  97.7208 221.6966 0094745 159.8039 200.6958 14.71450426 83907
CINEMA-3 (KHUSAT-2)     
1 39426U 13066L   15166.39500343  .00001119  00000-0  18487-3 0  9999
2 39426  97.7162 219.2125 0106283 166.5603 193.8474 14.68577758 83484
TRITON-1                
1 39427U 13066M   15166.36776311  .00001517  00000-0  25486-3 0  9996
2 39427  97.7154 217.2267 0116139 172.2449 188.0588 14.66640591 83402
GOMX 1                  
1 39430U 13066Q   15166.83846207  .00001280  00000-0  24580-3 0  9995
2 39430  97.7101 210.0500 0153288 193.5283 166.1763 14.58054081 83188
BRITE-PL                
1 39431U 13066R   15166.32666954  .00000362  00000-0  88326-4 0  9998
2 39431  97.6996 199.8683 0202475 224.6159 133.8587 14.46494972 82297
HUMSAT-D                
1 39433U 13066T   15166.24404023  .00003672  00000-0  38773-3 0  9995
2 39433  97.7407 236.7026 0033861 126.8628 233.5702 14.89450414 83641
EAGLE 2                 
1 39436U 13066W   15166.13777065  .00031744  00000-0  21150-2 0  9996
2 39436  97.7465 242.2753 0024097 112.2091 248.1695 15.06784564 85181
VELOX-PII               
1 39438U 13066Y   15166.36347970  .00001752  00000-0  24659-3 0  9995
2 39438  97.7270 226.3915 0072995 147.6277 212.9443 14.76713883 83065
CUBEBUG-2 (LO-74)       
1 39440U 13066AA  15166.23437220  .00002011  00000-0  29333-3 0  9995
2 39440  97.7247 224.1778 0082949 153.2796 207.2724 14.74527646 82846
NEE-02 KRYSAOR          
1 39441U 13066AB  15166.14577828  .00001432  00000-0  21363-3 0  9996
2 39441  97.7235 223.7831 0083876 154.4341 206.1052 14.73934014 82817
FUNCUBE-1 (AO-73)       
1 39444U 13066AE  15166.13423674  .00002709  00000-0  35164-3 0  9999
2 39444  97.7310 228.9678 0060986 141.4385 219.1207 14.80239640 82526
UWE-3                   
1 39446U 13066AG  15166.16792204  .00002120  00000-0  29484-3 0  9997
2 39446  97.7272 226.3363 0072662 147.7844 212.7837 14.77028156 82950
BRITE-TORONTO           
1 40020U 14033L   15166.24351674  .00000626  00000-0  11639-3 0  9995
2 40020  97.9356  54.5376 0089183 134.3983 226.4568 14.65985946 52699
DUCHIFAT-1              
1 40021U 14033M   15166.35888128  .00003100  00000-0  34309-3 0  9996
2 40021  97.9552  66.9543 0013217 184.1671 175.9438 14.88035293 53537
NANOSATC-BR1            
1 40024U 14033Q   15166.28122301  .00002885  00000-0  32305-3 0  9998
2 40024  97.9536  66.6674 0012465 183.3773 176.7361 14.87618716 53510
QB50P1                  
1 40025U 14033R   15166.33226618  .00002351  00000-0  26746-3 0  9991
2 40025  97.9534  66.5960 0012613 183.8197 176.2924 14.87151900 53524
FLOCK 1C-7              
1 40026U 14033S   15167.16828669  .00002665  00000-0  30010-3 0  9995
2 40026  97.9596  67.7887 0011451 181.8971 178.2221 14.87461840 53654
FLOCK 1C-1              
1 40027U 14033T   15167.18568712  .00001793  00000-0  20423-3 0  9996
2 40027  97.9593  67.7625 0012201 181.8322 178.2804 14.87413049 53651
POPSAT-HIP-1            
1 40028U 14033U   15167.17781276  .00002370  00000-0  27037-3 0  9998
2 40028  97.9550  67.5175 0013916 179.4377 180.6861 14.87021016 53637
FLOCK 1C-2              
1 40029U 14033V   15167.00004062  .00001682  00000-0  19217-3 0  9998
2 40029  97.9595  67.5233 0013800 178.5519 181.5737 14.87351785 53611
FLOCK 1C-4              
1 40031U 14033X   15167.19573310  .00002244  00000-0  25400-3 0  9994
2 40031  97.9595  67.7419 0014517 175.9611 184.1793 14.87392811 53630
QB50P2                  
1 40032U 14033Y   15166.29839277  .00001869  00000-0  21623-3 0  9997
2 40032  97.9527  66.3173 0012149 176.9909 183.1381 14.86700353 53509
FLOCK 1C-11             
1 40033U 14033Z   15167.19993314  .00003937  00000-0  43766-3 0  9991
2 40033  97.9601  67.7740 0012162 171.7459 188.3920 14.87708180 53655
ANTELSAT                
1 40034U 14033AA  15167.15894788  .00001710  00000-0  26798-3 0  9996
2 40034  97.9454  59.2285 0061078 122.1079 238.6083 14.72721491 53147
FLOCK 1C-9              
1 40035U 14033AB  15167.08032814  .00001610  00000-0  18379-3 0  9998
2 40035  97.9582  67.6734 0011993 170.1929 189.9530 14.87450733 53622
FLOCK 1C-6              
1 40036U 14033AC  15167.15241899  .00002226  00000-0  25124-3 0  9992
2 40036  97.9598  67.7679 0012438 170.5387 189.5979 14.87529398 53645
PERSEUS-M2              
1 40037U 14033AD  15167.18232830  .00001106  00000-0  13391-3 0  9990
2 40037  97.9569  67.0961 0014249 175.9091 184.2244 14.85626396 53601
FLOCK 1C-5              
1 40038U 14033AE  15167.16756425  .00001600  00000-0  18208-3 0  9991
2 40038  97.9611  67.7036 0014540 172.1871 187.9630 14.87583185 53631
PERSEUS-M1              
1 40039U 14033AF  15167.20127384  .00000998  00000-0  12254-3 0  9997
2 40039  97.9583  66.9893 0014209 170.3671 189.7810 14.85261246 53608
FLOCK 1C-8              
1 40040U 14033AG  15167.19372034  .00004577  00000-0  50036-3 0  9998
2 40040  97.9609  67.8765 0013263 164.2202 195.9388 14.88290758 53644
FLOCK 1C-3              
1 40041U 14033AH  15167.18379686  .00002137  00000-0  24258-3 0  9995
2 40041  97.9619  67.7317 0013261 167.5412 192.6157 14.87337471 53635
POLYITAN-1              
1 40042U 14033AJ  15166.34217876  .00002840  00000-0  32669-3 0  9991
2 40042  97.9608  66.4600 0015435 170.8137 189.3363 14.86493098 53483
TIGRISAT                
1 40043U 14033AK  15166.35950997  .00001169  00000-0  18327-3 0  9999
2 40043  97.9435  58.8041 0062135 127.6454 233.0415 14.73269696 52909
LEMUR-1                 
1 40044U 14033AL  15166.25205974  .00001040  00000-0  16472-3 0  9994
2 40044  97.9438  58.6475 0061230 128.4301 232.2426 14.73104833 52899
AEROCUBE 6A             
1 40045U 14033AM  15166.32867080  .00002521  00000-0  38546-3 0  9996
2 40045  97.9475  58.6439 0060823 124.4514 236.2462 14.73399687 52752
AEROCUBE 6B             
1 40046U 14033AN  15166.32869260  .00002428  00000-0  37158-3 0  9993
2 40046  97.9470  58.6274 0060521 124.2398 236.4564 14.73399242 52884
UKUBE-1                 
1 40074U 14037F   15167.48889755  .00002358  00000-0  30303-3 0  9994
2 40074  98.3581 239.6526 0003562 240.0874 119.9984 14.82199208 50735
BRITE-PL 2              
1 40119U 14049B   15166.16029127  .00001064  00000-0  13588-3 0  9999
2 40119  97.9906 242.9308 0016862 322.2859  37.7172 14.83467856 44365
FIREBIRD 4              
1 40378U 15003C   15167.64342138  .00007701  00000-0  38557-3 0  9998
2 40378  99.1174 201.0199 0157231 255.1529 103.2233 15.07562044 20465
GRIFEX                  
1 40379U 15003D   15167.81280789  .00005127  00000-0  26348-3 0  9996
2 40379  99.1192 201.1407 0157902 255.8430 102.5205 15.06873745 20487
EXOCUBE                 
1 40380U 15003E   15167.78345936  .00004783  00000-0  24944-3 0  9997
2 40380  99.1213 201.0543 0159800 255.5671 102.7772 15.06208517 20475
FLOCK 1B-27             
1 40422U 98067FN  15167.22368737  .00100276  00000-0  77014-3 0  9998
2 40422  51.6396  82.2782 0009511  93.0986  67.6107 15.71198274 25935
FLOCK 1B-28             
1 40423U 98067FP  15167.77523063  .00178573  00000-0  12981-2 0  9990
2 40423  51.6385  79.4675 0009104 106.0910 289.8114 15.72224019 26028
FLOCK 1B-21             
1 40427U 98067FQ  15167.84729994  .00220822  00000-0  16439-2 0  9990
2 40427  51.6411  79.0674 0007664  95.9942  14.7514 15.71541455 26065
FLOCK 1B-22             
1 40428U 98067FR  15167.89526943  .00072694  00000-0  57825-3 0  9992
2 40428  51.6403  79.4293 0008910  89.8177 354.8915 15.70499353 26066
FLOCK 1B-10             
1 40429U 98067FS  15167.69659880  .00076792  00000-0  58261-3 0  9996
2 40429  51.6390  80.3415 0010475 109.2356 335.7646 15.71586425 26005
FLOCK 1B-9              
1 40430U 98067FT  15167.93265639  .00684787  20278-3  19083-2 0  9999
2 40430  51.6425  75.3165 0008704 151.0886 209.0985 15.93061754 26092
FLOCK 1D-1              
1 40451U 98067FU  15166.74719159  .00137632  00000-0  10607-2 0  9994
2 40451  51.6447  85.2492 0010600 100.6120 352.1318 15.70956845 25864
FLOCK 1D-2              
1 40452U 98067FV  15166.82084190  .00059862  00000-0  61022-3 0  9990
2 40452  51.6441  87.2514 0010373 101.5325 359.9413 15.64453740 25848
FLOCK 1B-5              
1 40453U 98067FW  15166.84408840  .00188949  00000-0  14491-2 0  9991
2 40453  51.6401  85.8704 0008268 107.4270 359.5553 15.70928116 25857
FLOCK 1B-6              
1 40454U 98067FX  15166.81826934  .00076790  00000-0  62724-3 0  9990
2 40454  51.6400  84.9547 0011343  95.5697   4.2909 15.69807216 25865
GEARRS-1                
1 40456U 98067FZ  15166.17741780  .00079993  00000-0  69332-3 0  9996
2 40456  51.6436  89.1756 0009622  78.4590 281.7486 15.68374905 25768
MICROMAS                
1 40457U 98067GA  15166.20003000  .00231827  00000-0  11775-2 0  9990
2 40457  51.6329  85.4996 0010560 111.9271 248.2854 15.80189185 25795
FLOCK 1B-11             
1 40459U 98067GC  15166.82485819  .00069431  00000-0  56873-3 0  9991
2 40459  51.6403  84.9983 0009967  95.0106   5.9604 15.69799412 25886
FLOCK 1B-12             
1 40460U 98067GD  15166.90105528  .00066268  00000-0  58336-3 0  9999
2 40460  51.6411  85.6455 0010456  96.9072 303.6226 15.68060951 25882
