BEIJING 1               
1 28890U 05043A   15166.78728571  .00000286  00000-0  67208-4 0  9996
2 28890  97.8149 350.2153 0014031 304.2049  55.7832 14.61000595513478
HJ-1A                   
1 33320U 08041A   15167.16987882  .00001036  00000-0  15658-3 0  9991
2 33320  98.0291 229.1033 0025469 220.2632 139.6699 14.76196791364765
HJ-1B                   
1 33321U 08041B   15167.13743858  .00001025  00000-0  15444-3 0  9993
2 33321  98.0328 229.8314 0033836 237.6529 122.1415 14.76228867364741
YAOGAN 4                
1 33446U 08061A   15167.18001509  .00000730  00000-0  11298-3 0  9993
2 33446  97.6430 195.7441 0017657 155.7831 204.4220 14.75909364352022
DEIMOS-1                
1 35681U 09041A   15167.49267787  .00000556  00000-0  97749-4 0  9993
2 35681  98.0289  62.0299 0002712 114.6834 245.4654 14.71385019315534
UK-DMC 2                
1 35683U 09041C   15167.53858741  .00000331  00000-0  62215-4 0  9997
2 35683  97.9293  58.7480 0001365  86.0613 274.0770 14.70716400315452
RISAT 1                 
1 38248U 12017A   15167.53791847  .00001468  00000-0  96879-4 0  9992
2 38248  97.5597 174.4689 0005383  46.0969  68.7492 15.08988212172900
