SAUDISAT 1C             
1 27607U 02058C   15150.88037540  .00000290  00000-0  62104-4 0  9992
2 27607  64.5555 251.6429 0080679 291.6506  67.6017 14.74726443668731
SAUDISAT 2              
1 28371U 04025F   15151.48603042  .00000116  00000-0  37651-4 0  9996
2 28371  98.0254 120.5681 0026825 135.0072 225.3297 14.54040718579178
UNISAT 3                
1 28373U 04025H   15150.82477366  .00000231  00000-0  76760-4 0  9995
2 28373  98.2506  99.0367 0068575 324.3068  63.6332 14.45088368575801
SAUDISAT 3              
1 31118U 07012B   15151.50841230  .00000131  00000-0  30197-4 0  9999
2 31118  97.7324 174.7086 0015919 139.3222 220.9181 14.68882004435240
