PROBA-1                 
1 26958U 01049B   15167.49260707  .00000805  00000-0  76753-4 0  9994
2 26958  97.4706 154.1261 0073014 261.9957  97.2973 14.94125271742229
BIRD 2                  
1 26959U 01049C   15167.78044794  .00006846  00000-0  24519-3 0  9996
2 26959  97.7715  68.4167 0012937  84.9611 316.9462 15.29030106754343
CUTE-1 (CO-55)          
1 27844U 03031E   15166.23785999  .00000302  00000-0  15716-3 0  9991
2 27844  98.6949 174.7924 0008715 312.0226 177.5235 14.21809246620110
CUBESAT XI-IV (CO-57)   
1 27848U 03031J   15167.72010682  .00000230  00000-0  12528-3 0  9998
2 27848  98.7046 176.1606 0008676 315.3431  96.7384 14.21455900620285
GENESIS 1               
1 29252U 06029A   15166.40447130  .00004210  00000-0  23238-3 0  9997
2 29252  64.5056 155.2358 0052211 269.3428 247.8815 15.14260279490670
FALCONSAT-3             
1 30776U 07006E   15166.03508285  .00011996  00000-0  47964-3 0  9995
2 30776  35.4275  14.6328 0003178 289.7387 202.8352 15.24351890455978
GENESIS 2               
1 31789U 07028A   15166.39584710  .00003528  00000-0  20354-3 0  9996
2 31789  64.5051 190.6325 0037320 313.6905  46.1125 15.13551057437892
APRIZESAT 4             
1 35684U 09041D   15167.76178940  .00000671  00000-0  97709-4 0  9992
2 35684  98.0718  94.4342 0046410 295.0772 116.6021 14.78584684317030
APRIZESAT 3             
1 35686U 09041F   15167.88895994  .00001133  00000-0  12934-3 0  9992
2 35686  98.1925 129.0902 0073095 230.2761 129.1997 14.86403664318521
PROBA-2                 
1 36037U 09059B   15167.65704346  .00000169  00000-0  52039-4 0  9996
2 36037  98.2753   0.7381 0014515  70.3222 337.3173 14.52851766297916
APRIZESAT 5             
1 37792U 11044E   15166.37063745  .00000868  00000-0  13512-3 0  9999
2 37792  98.2480 281.0948 0058139 224.7694 171.2985 14.74614720205841
APRIZESAT 6             
1 37793U 11044F   15167.82768981  .00000656  00000-0  11199-3 0  9999
2 37793  98.2228 274.7984 0046416 235.3873 239.2530 14.71760741205677
TET-1                   
1 38710U 12039D   15166.37312713  .00011040  00000-0  31369-3 0  9991
2 38710  97.4794  91.3615 0002071  38.1725 321.9665 15.36349263161363
STSAT-2C                
1 39068U 13003A   15166.38639142  .00047435  51384-7  71117-3 0  9999
2 39068  80.2433 299.3596 0567952 223.0521 132.4917 14.62130513123368
CUSAT 1                 
1 39266U 13055B   15166.17284239  .00013577  00000-0  41308-3 0  9997
2 39266  80.9929  46.9413 0710464 196.1091 161.6417 14.17388915 87672
STPSAT-3                
1 39380U 13064A   15166.36827470  .00009413  00000-0  33728-3 0  9996
2 39380  40.5012 145.2268 0005603 207.6861 152.3652 15.28651392 87358
APRIZESAT 7             
1 39416U 13066A   15166.26417314  .00000951  00000-0  12103-3 0  9991
2 39416  97.7356 232.7037 0042826 136.0408 224.4225 14.83211963 84539
APRIZESAT 8             
1 39425U 13066K   15166.24940298  .00000842  00000-0  11401-3 0  9990
2 39425  97.7319 230.2738 0053510 139.7160 220.8036 14.80527111 84167
BUGSAT-1 (TITA)         
1 40014U 14033E   15167.17750527  .00002578  00000-0  24894-3 0  9996
2 40014  97.9654  71.5306 0031472 229.5357 130.3099 14.93414645 53894
SAUDISAT 4              
1 40016U 14033G   15166.25082138  .00000515  00000-0  83084-4 0  9998
2 40016  97.9461  59.8325 0049888 125.6774 234.9094 14.74790859 53126
TABLETSAT-AURORA        
1 40017U 14033H   15167.16109935  .00002543  00000-0  25970-3 0  9997
2 40017  97.9615  70.1831 0023195 224.1284 135.8169 14.91349547 53811
APRIZESAT 9             
1 40018U 14033J   15166.24545924  .00000456  00000-0  82026-4 0  9995
2 40018  97.9399  56.6888 0073012 130.0095 230.7549 14.69506039 52834
APRIZESAT 10            
1 40019U 14033K   15166.26948636  .00000399  00000-0  76637-4 0  9992
2 40019  97.9366  55.0124 0085794 133.3923 227.4467 14.66604445 52784
AISAT                   
1 40054U 14034B   15166.26322379  .00003064  00000-0  45840-3 0  9995
2 40054  98.2176 243.9522 0012591 226.4586 133.5577 14.75417150 51570
CANX-4                  
1 40055U 14034C   15166.36786405  .00000827  00000-0  13339-3 0  9993
2 40055  98.2199 243.9392 0013315 237.1206 122.8721 14.74098445 51577
CANX-5                  
1 40056U 14034D   15166.36805973  .00000830  00000-0  13397-3 0  9994
2 40056  98.2199 243.9385 0013340 237.4027 122.5893 14.74097989 51571
TDS 1                   
1 40076U 14037H   15167.82865011  .00000608  00000-0  86050-4 0  9990
2 40076  98.3501 239.3467 0004619 262.7750  97.2926 14.80936211 50766
TIANTUO 2               
1 40144U 14053B   15167.82809124  .00004516  00000-0  15723-3 0  9997
2 40144  97.3834 244.5963 0012915   5.3964 133.8933 15.30121681 43024
