GOES 3                  
1 10953U 78062A   15166.32417789 -.00000106  00000-0  00000-0 0  9999
2 10953  14.1564 339.1853 0005578 149.3258 142.5261  1.00275561 88611
TDRS 3                  
1 19548U 88091B   15163.00859387 -.00000316  00000-0  00000-0 0  9990
2 19548  14.6267  16.0625 0029382 306.8550 237.7257  1.00265518 85022
LEASAT 5                
1 20410U 90002B   15167.75316341 -.00000094  00000-0  00000+0 0  9991
2 20410  11.2377  18.1007 0003058 172.9427  56.7357  1.00271917 78393
SKYNET 4C               
1 20776U 90079A   15164.96288564 -.00000053  00000-0  00000+0 0  9990
2 20776  13.3387  23.7793 0002590  45.6795 177.9270  1.00273524 90626
TDRS 5                  
1 21639U 91054B   15165.29139572  .00000069  00000-0  00000-0 0  9991
2 21639  13.7408  29.5233 0018818 339.8582 189.9602  1.00271308 87398
TDRS 6                  
1 22314U 93003B   15166.85783700 -.00000309  00000-0  00000-0 0  9997
2 22314  13.2131  32.3440 0002191 314.0522 180.2445  1.00278960 82075
INTELSAT 701 (IS-701)   
1 22871U 93066A   15166.12084632 -.00000232  00000-0  00000+0 0  9996
2 22871   2.7819  71.1395 0004156   8.0135 197.9098  1.00270796 79087
NATO 4B                 
1 22921U 93076A   15167.83352959  .00000115  00000-0  00000+0 0  9991
2 22921  11.6161  30.3176 0001837  45.8326 161.0119  1.00271605 78827
INTELSAT 702 (IS-702)   
1 23124U 94034A   15166.00456116  .00000136  00000-0  00000-0 0  9994
2 23124   3.1339  69.5468 0001787  29.0281 198.9420  1.00271701 91064
OPTUS B3                
1 23227U 94055A   15166.50482780 -.00000097  00000-0  00000+0 0  9998
2 23227   6.1937  56.0059 0003240  31.9224 161.4612  1.00272183 76131
ASTRA 1D                
1 23331U 94070A   15165.25180356 -.00000294  00000-0  00000-0 0  9996
2 23331   6.3774  55.1322 0005435  18.0925 212.0242  1.00269593 75898
BRASILSAT B2            
1 23536U 95016A   15165.23499762 -.00000302  00000-0  00000-0 0  9996
2 23536   5.9946  56.9245 0001238  59.4226 167.2233  1.00270048 74015
AMSC 1                  
1 23553U 95019A   15166.55309620 -.00000130  00000-0  00000-0 0  9996
2 23553   9.0550  46.8467 0003334  31.5143 280.9484  1.00272360 73875
TDRS 7                  
1 23613U 95035B   15166.75019475 -.00000219  00000-0  00000-0 0  9997
2 23613  14.5213  23.1737 0023225  21.1023 214.3442  1.00270390 72875
ASTRA 1E                
1 23686U 95055A   15166.87110160 -.00000244  00000-0  00000+0 0  9992
2 23686   4.0745  64.9326 0006769 324.0223 166.3020  0.98794307 71857
ECHOSTAR 1              
1 23754U 95073A   15166.36063749 -.00000257  00000-0  00000-0 0  9997
2 23754   0.0258  67.2023 0002537  23.8174 224.9964  1.00271264 12103
ABS-1A                  
1 23768U 96003A   15168.29166667  .00000108  00000-0  00000-0 0  9997
2 23768   7.0057  53.0528 0005288  40.7369 318.2201  0.99751490 71113
INMARSAT 3-F1           
1 23839U 96020A   15166.86268046 -.00000007  00000-0  00000-0 0  9999
2 23839   2.5777  71.0010 0004805  15.6864 192.1765  1.00270639 70311
ASTRA 1F                
1 23842U 96021A   15166.97519708  .00000122  00000-0  00000-0 0  9997
2 23842   0.0682 302.8544 0003108 155.5714 201.0688  1.00273488 70154
MSAT M1                 
1 23846U 96022A   15167.50550256 -.00000105  00000-0  00000+0 0  9996
2 23846   6.5734  54.7665 0003321  27.0929 258.0154  1.00272159 70156
PALAPA C2               
1 23864U 96030A   15167.67598168 -.00000256  00000-0  00000+0 0  9994
2 23864   4.2264  63.8780 0001075  33.9927 196.1259  1.00270318 69887
INMARSAT 3-F2           
1 24307U 96053A   15166.28390478 -.00000139  00000-0  00000-0 0  9993
2 24307   1.1439  81.3290 0006563 354.7086 273.9149  1.00271321 68716
AMC-1 (GE-1)            
1 24315U 96054A   15166.40949958 -.00000117  00000-0  00000-0 0  9996
2 24315   0.0662  89.9479 0003277   5.4512 212.3890  1.00272205  6014
AFRICASAT-2 (MEASAT-2)  
1 24653U 96063B   15167.62653618 -.00000242  00000-0  00000+0 0  9999
2 24653   6.2975  55.5804 0004844 136.5637  86.0405  1.00269518 68064
EUTELSAT 48A            
1 24665U 96067A   15167.68617711  .00000100  00000-0  00000+0 0  9998
2 24665   5.0890  60.3681 0004266  21.1866 118.3352  1.00271900 68392
INMARSAT 3-F3           
1 24674U 96070A   15166.62659282  .00000022  00000-0  00000-0 0  9998
2 24674   1.9866  75.4260 0005005 359.6758 232.1444  1.00271561 67671
AMC-2 (GE-2)            
1 24713U 97002A   15166.40108432 -.00000245  00000-0  00000-0 0  9998
2 24713   2.9514  70.0397 0004929  13.8470 243.0036  1.00272184 18049
INTELSAT 26 (IS-26)     
1 24732U 97007A   15164.79229958 -.00000024  00000-0  00000-0 0  9996
2 24732   6.2586  55.8443 0004619   5.9905 190.9481  1.00271699 66991
GALAXY 25 (G-25)        
1 24812U 97026A   15167.27630781 -.00000178  00000-0  00000+0 0  9991
2 24812   0.0225  51.3147 0002820   8.2478 211.0358  1.00271191 66059
INMARSAT 3-F4           
1 24819U 97027A   15167.19883770 -.00000307  00000-0  00000+0 0  9992
2 24819   4.4611  62.1620 0004050  20.6681 198.8638  1.00274402 66084
SUPERBIRD-A3            
1 24880U 97036A   15166.50465248 -.00000152  00000-0  00000-0 0  9999
2 24880   5.4079  59.0409 0002207 357.3108 186.7959  1.00271559 65437
ABS-3                   
1 24901U 97042A   15166.21501876 -.00000047  00000-0  00000-0 0  9999
2 24901   3.5235  67.8907 0003910  30.2767 239.3215  1.00270635 65225
INTELSAT 5 (IS-5)       
1 24916U 97046A   15166.58773927 -.00000157  00000-0  00000-0 0  9999
2 24916   2.1060  74.8455 0005723   0.0865 197.1796  1.00271027 65328
METEOSAT-7              
1 24932U 97049B   15166.89604743  .00000034  00000-0  00000-0 0  9996
2 24932   9.6758  44.3127 0000524 178.3236  61.5768  1.00264635 65123
AMC-3 (GE-3)            
1 24936U 97050A   15166.34592258 -.00000288  00000-0  10000-3 0  9995
2 24936   0.0088 331.4065 0000965 130.8850 218.5303  1.00271742 65130
NSS-5                   
1 24957U 97053A   15167.84949051  .00000093  00000-0  00000+0 0  9992
2 24957   2.4140  73.1659 0002969 358.9258 188.9873  1.00272559 64945
ECHOSTAR 3              
1 25004U 97059A   15166.28273846 -.00000298  00000-0  10000-3 0  9994
2 25004   0.6531  82.5412 0000341 323.7483 256.9294  1.00270239 64830
JCSAT-1B                
1 25067U 97075A   15165.50074294 -.00000221  00000-0  00000+0 0  9992
2 25067   4.2380  63.7121 0002584  38.3370 130.6755  1.00271361 64235
ASTRA 1G                
1 25071U 97076A   15167.68418001  .00000033  00000-0  00000+0 0  9997
2 25071   0.8397  79.6521 0003456   5.1350 125.9592  1.00272260 64245
BRASILSAT B3            
1 25152U 98006A   15167.27630781 -.00000188  00000-0  00000+0 0  9999
2 25152   2.6246  72.6149 0002457  14.6492 184.4342  1.00271191 63647
INMARSAT 3-F5           
1 25153U 98006B   15166.91591973  .00000123  00000-0  00000-0 0  9998
2 25153   1.1266  72.9315 0004104   2.1772 183.0787  1.00273968 63626
NSS-806                 
1 25239U 98014A   15165.17682356 -.00000294  00000-0  00000-0 0  9995
2 25239   0.0637  30.5660 0004346  49.6047 198.1310  1.00270535 63348
CHINASAT 5A (ZX 5A)     
1 25354U 98033A   15166.90162207 -.00000282  00000-0  00000-0 0  9991
2 25354   0.0090 288.4261 0002793 187.7128 254.3334  1.00270682 66952
THOR III                
1 25358U 98035A   15165.27836883 -.00000057  00000-0  00000+0 0  9993
2 25358   4.1314  63.8969 0001685  23.5833 270.6734  1.00272198 62392
INTELSAT 805 (IS-805)   
1 25371U 98037A   15166.18807402 -.00000301  00000-0  10000-3 0  9993
2 25371   0.0159 278.5163 0002337 174.6976 182.1199  1.00270125 62256
ASTRA 2A                
1 25462U 98050A   15165.91752571  .00000134  00000-0  00000-0 0  9994
2 25462   0.0675 124.4702 0004291 346.7305 150.1709  1.00273014 61450
INTELSAT 7 (IS-7)       
1 25473U 98052A   15166.30261293 -.00000160  00000-0  00000+0 0  9997
2 25473   1.6894  77.8770 0002808  45.9077 230.2098  1.00272064 61336
SIRIUS 3                
1 25492U 98056B   15166.67501179  .00000084  00000-0  00000-0 0  9997
2 25492   5.2276  59.7143 0000996 322.6678 175.4560  1.00274002 61194
AFRISTAR                
1 25515U 98063A   15166.08347148  .00000110  00000-0  00000+0 0  9999
2 25515   1.8784  71.0399 0004390   9.3476 233.6794  1.00273088 60854
INTELSAT 8 (IS-8)       
1 25522U 98065A   15166.59336235 -.00000047  00000-0  00000-0 0  9991
2 25522   0.0278 267.3562 0002831 183.2031 195.5901  1.00272459 60835
EUTELSAT 115 WEST A     
1 25558U 98070A   15166.49191894 -.00000042  00000-0  10000-3 0  9994
2 25558   1.6966  77.4877 0002775  12.9117 235.2025  1.00271086 60737
JCSAT-4A                
1 25630U 99006A   15167.81306877 -.00000171  00000-0  00000+0 0  9999
2 25630   0.8011  83.8046 0001769   3.2286 192.3567  1.00271571 59709
SKYNET 4E               
1 25639U 99009B   15167.84833944  .00000009  00000-0  10000-3 0  9998
2 25639   9.3600  34.6143 0002360  63.6882 118.0388  1.00273926 59733
ASIASAT 3S              
1 25657U 99013A   15166.61819235 -.00000380  00000-0  00000-0 0  9993
2 25657   1.0212  81.7858 0001088  24.0550 138.4409  1.00264915 59510
ASTRA 1H                
1 25785U 99033A   15166.28301289 -.00000297  00000-0  00000-0 0  9992
2 25785   2.3988  73.3346 0000842 335.6156 264.9247  1.00413804 58477
TELKOM 1                
1 25880U 99042A   15167.72785641 -.00000360  00000-0  00000+0 0  9996
2 25880   0.0169  52.2864 0001534  56.6414 165.7910  1.00271147 58068
ABS-7                   
1 25894U 99046A   15165.71516348 -.00000377  00000-0  00000+0 0  9996
2 25894   0.0155  81.0859 0002510 341.1695 213.9897  1.00270395 56848
GALAXY 27 (G-27)        
1 25922U 99052A   15165.99569138 -.00000021  00000-0  00000-0 0  9997
2 25922   1.7664  76.7652 0009302  17.8610 232.9736  1.00272259 57570
ABS-6                   
1 25924U 99053A   15166.60029176 -.00000135  00000-0  00000+0 0  9997
2 25924   0.0178  22.4658 0003367  52.4542 203.7875  1.00271874 57574
TELSTAR 12 (ORION 2)    
1 25949U 99059A   15166.30231198 -.00000135  00000-0  00000+0 0  9996
2 25949   0.0061 292.4529 0002887 150.0693 274.5624  1.00271318 57230
AMC-4 (GE-4)            
1 25954U 99060A   15165.15182797 -.00000288  00000-0  10000-3 0  9990
2 25954   0.0599  67.5358 0002725  44.3290 137.9071  1.00270749 57169
GALAXY 11 (G-11)        
1 26038U 99071A   15167.20124514 -.00000301  00000-0  10000-3 0  9993
2 26038   0.0693 254.5252 0002208 318.2948  68.1304  1.00270825 56807
HISPASAT 1C             
1 26071U 00007A   15167.35759425 -.00000228  00000-0  00000+0 0  9995
2 26071   0.0381  39.1945 0001294  46.2096 223.7719  1.00272135 56333
SUPERBIRD-B2            
1 26095U 00012A   15164.56959892 -.00000107  00000-0  00000+0 0  9993
2 26095   0.0102 266.8744 0002272 167.5052 194.2178  1.00271191 56121
EXPRESS-A2              
1 26098U 00013A   15167.67865693 -.00000268  00000-0  10000-3 0  9990
2 26098   7.8603  50.4323 0017762 101.1468 142.4172  1.00273724 55874
ASIASTAR                
1 26107U 00016A   15165.90310155 -.00000348  00000-0  00000-0 0  9991
2 26107   0.1842  65.3099 0003485  17.3818 250.2821  1.00273507 55615
EUTELSAT 16C            
1 26243U 00019A   15167.07945457  .00000076  00000-0  00000+0 0  9990
2 26243   2.8643  70.2406 0002397  22.3845 214.4555  1.00271200 55500
EUTELSAT 36A            
1 26369U 00028A   15165.95827763  .00000140  00000-0  00000-0 0  9996
2 26369   0.0648 351.0692 0004301  95.0958 197.8571  1.00276227 55135
TDRS 8                  
1 26388U 00034A   15165.81761363 -.00000244  00000-0  00000-0 0  9998
2 26388   6.2007  62.8061 0002864  17.5632 205.7561  1.00276937 54854
ECHOSTAR 6              
1 26402U 00038A   15167.39480333 -.00000163  00000-0  00000+0 0  9998
2 26402   2.7805  71.1595 0000958  53.3471 185.7295  1.00271010 54627
INTELSAT 9 (IS-9)       
1 26451U 00043A   15166.28322633 -.00000286  00000-0  00000-0 0  9990
2 26451   2.0904  75.1736 0002912 357.2825 249.6397  1.00271236  3836
BRASILSAT B4            
1 26469U 00046A   15166.28214388 -.00000226  00000-0  10000-3 0  9997
2 26469   0.1571  97.4521 0002244 351.5612 191.7695  1.00273142 54328
NILESAT 102             
1 26470U 00046B   15167.07831966 -.00000074  00000-0  00000+0 0  9990
2 26470   0.1724  82.5130 0002525  10.0609 192.6425  1.00271815 54333
ASTRA 2B                
1 26494U 00054A   15165.99807925  .00000138  00000-0  00000+0 0  9992
2 26494   0.7204  79.5851 0003230 356.4580 217.5661  1.00271276 53927
AMC-7 (GE-7)            
1 26495U 00054B   15167.61732579  .00000072  00000-0  00000+0 0  9993
2 26495   0.0401  52.7894 0000502 342.9263 316.0851  1.00272967 53954
NSS-11 (AAP-1)          
1 26554U 00059A   15165.97404451 -.00000361  00000-0  10000-3 0  9993
2 26554   0.0177 317.2486 0002533 133.3919 271.1458  1.00270885 53896
N-SAT-110 (JCSAT-110)   
1 26559U 00060A   15166.71456503 -.00000367  00000-0  10000-3 0  9994
2 26559   0.0038 358.1550 0000486 272.7315   0.0887  1.00270696 53824
AMC-6 (GE-6)            
1 26580U 00067A   15166.37163140 -.00000275  00000-0  00000+0 0  9992
2 26580   0.0229  15.3810 0002574  66.0056 243.7292  1.00272781 53673
INTELSAT 12 (IS-12)     
1 26590U 00068A   15166.86597021  .00000121  00000-0  00000+0 0  9996
2 26590   0.0117 295.5533 0002856 151.3285 173.6610  1.00271704 53500
INTELSAT 1R (IS-1R)     
1 26608U 00072A   15165.51471374 -.00000297  00000-0  00000-0 0  9990
2 26608   0.0344 237.3690 0000458 344.7580 175.6493  1.00270811 53365
ANIK F1                 
1 26624U 00076A   15166.53367613 -.00000090  00000-0  00000+0 0  9995
2 26624   0.0190 215.8433 0002488 263.1807 229.2694  1.00271338 53420
ASTRA 2D                
1 26638U 00081A   15166.92916723  .00000131  00000-0  00000+0 0  9996
2 26638   2.2386  73.6449 0001053  36.2852 156.4199  1.00268979 53146
AMC-8 (GE-8)            
1 26639U 00081B   15167.41111514  .00000088  00000-0  00000+0 0  9998
2 26639   0.0165 319.4283 0001660 122.9080 191.0104  1.00273545 53006
TURKSAT 2A              
1 26666U 01002A   15165.71695784  .00000130  00000-0  10000-3 0  9992
2 26666   0.0494  14.3138 0003977  53.2137 135.2625  1.00271511 52843
SKYNET 4F               
1 26695U 01005B   15166.16282778 -.00000264  00000-0  00000+0 0  9996
2 26695   7.9560  42.2358 0002224  35.4811 209.9875  1.00273788 52578
EUTELSAT 28A            
1 26719U 01011A   15167.00504546  .00000134  00000-0  10000-3 0  9994
2 26719   0.0640   7.0653 0003546  77.2735 209.9511  1.00275563 52279
XM-1 (ROLL)             
1 26761U 01018A   15167.12345850 -.00000038  00000-0  10000-3 0  9996
2 26761   0.1381 240.9520 0003763   6.2883 305.9955  1.00270325 51726
INTELSAT 10 (IS-10)     
1 26766U 01019A   15167.67492906  .00000110  00000-0  00000+0 0  9992
2 26766   0.0125  79.9574 0002851  27.6993  87.4434  1.00274247 51632
INTELSAT 901 (IS-901)   
1 26824U 01024A   15167.27928933 -.00000157  00000-0  00000+0 0  9995
2 26824   0.0209  12.0187 0002561  74.9096 259.8228  1.00271142 51328
ASTRA 2C                
1 26853U 01025A   15166.92916723  .00000134  00000-0  00000-0 0  9998
2 26853   0.0274 336.9655 0001767  35.6854 253.9767  1.00276816 51307
ARTEMIS                 
1 26863U 01029A   15167.77441171  .00000091  00000-0  00000+0 0  9998
2 26863  11.8355  41.0538 0001822 131.9924  31.8236  1.00270982 52103
INTELSAT 902 (IS-902)   
1 26900U 01039A   15166.03086325  .00000017  00000-0  00000+0 0  9993
2 26900   0.0043 341.5017 0002905 102.0843 252.5134  1.00272449 50467
EUTELSAT 8 WEST A       
1 26927U 01042A   15166.99471317 -.00000082  00000-0  00000+0 0  9993
2 26927   0.0574   3.0827 0004552  89.2531 161.6196  1.00272042 50225
DIRECTV 4S              
1 26985U 01052A   15167.70198811 -.00000129  00000-0  00000+0 0  9995
2 26985   0.0267  38.1071 0000974  47.8883 330.1803  1.00271355 49707
INSAT-3C                
1 27298U 02002A   15167.55440168 -.00000093  00000-0  00000+0 0  9997
2 27298   0.0091  52.9386 0006856  38.2509  86.8563  1.00272304 49069
ECHOSTAR 7              
1 27378U 02006A   15167.57168817 -.00000016  00000-0  00000+0 0  9995
2 27378   0.0212 332.3759 0001440 162.2926 216.8543  1.00270717 48762
INTELSAT 904 (IS-904)   
1 27380U 02007A   15166.06729821  .00000033  00000-0  00000-0 0  9999
2 27380   0.0244  40.7857 0003039  42.2449 264.2216  1.00272233 11457
TDRS 9                  
1 27389U 02011A   15166.81285561 -.00000115  00000-0  00000-0 0  9996
2 27389   3.7508  90.5957 0014116 231.5259 222.2058  1.00269854 50145
JCSAT-2A                
1 27399U 02015A   15165.50084966 -.00000181  00000-0  00000+0 0  9994
2 27399   0.0097   9.5896 0001960  72.4719 154.7055  1.00270706 48340
ASTRA 3A                
1 27400U 02015B   15167.60454640  .00000053  00000-0  00000+0 0  9997
2 27400   2.4145  72.4887 0001085 355.7882 237.0484  1.00272161 48414
INTELSAT 903 (IS-903)   
1 27403U 02016A   15166.28343978 -.00000254  00000-0  00000-0 0  9990
2 27403   0.0288  32.8523 0003249  46.6234 251.2955  1.00270667 48350
NSS-7                   
1 27414U 02019A   15166.28379806 -.00000171  00000-0  00000-0 0  9992
2 27414   0.3908  88.4488 0003104   4.6611 252.2810  1.00270948 48278
DIRECTV 5 (TEMPO 1)     
1 27426U 02023A   15166.20900346 -.00000071  00000-0  00000-0 0  9990
2 27426   0.0116  81.0535 0003262  12.3179 134.9290  1.00271303 48017
INTELSAT 905 (IS-905)   
1 27438U 02027A   15166.28369134 -.00000200  00000-0  00000-0 0  9993
2 27438   0.0045 318.5990 0002591 103.8644 278.4144  1.00271822 47670
EXPRESS-A4              
1 27441U 02029A   15166.05378263 -.00000133  00000-0  00000-0 0  9992
2 27441   4.7773  61.6593 0003313  61.0458 145.7439  1.00272133 47656
GALAXY 3C (G-3C)        
1 27445U 02030A   15166.36742062 -.00000168  00000-0  00000+0 0  9991
2 27445   0.0284  54.2549 0001082 150.8804  95.4264  1.00277868 47644
EUTELSAT 5 WEST A       
1 27460U 02035A   15166.28414872 -.00000058  00000-0  00000+0 0  9997
2 27460   0.0405   4.8939 0005316  77.5913 278.0299  1.00271775 47446
N-STAR C                
1 27461U 02035B   15166.66702414 -.00000326  00000-0  00000+0 0  9990
2 27461   3.2470  69.3497 0001799 353.4534 216.9462  1.00270882 47378
EUTELSAT 8 WEST C       
1 27499U 02038A   15166.28409536 -.00000077  00000-0  00000-0 0  9995
2 27499   0.0488 336.0674 0003386 106.7290 275.2367  1.00272925 46906
ECHOSTAR 8              
1 27501U 02039A   15166.36063749 -.00000258  00000-0  00000-0 0  9992
2 27501   0.0028 357.4140 0002572  94.6736 224.1674  1.00271947 12327
EUTELSAT 12 WEST A      
1 27508U 02040A   15166.30177968 -.00000116  00000-0  00000+0 0  9996
2 27508   0.0720  20.7406 0003616  97.1037 241.5941  1.00273076 46939
METEOSAT-8 (MSG-1)      
1 27509U 02040B   15166.15937169  .00000002  00000-0  00000-0 0  9991
2 27509   3.5372  61.1178 0000246  43.0886 219.9305  1.00268035 46947
INTELSAT 906 (IS-906)   
1 27513U 02041A   15167.06423450 -.00000001  00000-0  00000+0 0  9990
2 27513   0.0172   3.8366 0003145  84.1864 263.2680  1.00271038 46694
KODAMA (DRTS)           
1 27516U 02042B   15167.02883385 -.00000255  00000-0  00000+0 0  9998
2 27516   3.6899  66.6205 0002071  12.6437 285.8324  1.00271692 46769
KALPANA-1 (METSAT 1)    
1 27525U 02043A   15167.90488921 -.00000099  00000-0  00000+0 0  9999
2 27525   5.0805  60.4713 0010953 215.6209  28.3837  1.00272064 46749
HISPASAT 1D             
1 27528U 02044A   15167.13949075 -.00000232  00000-0  00000+0 0  9999
2 27528   0.0214 333.0143 0002291 100.9875 210.2778  1.00269978 46643
EUTELSAT 33B            
1 27554U 02051A   15166.03580150  .00000140  00000-0  00000+0 0  9996
2 27554   0.0067  73.1399 0000974  46.9673 188.9088  1.00276292 46051
TDRS 10                 
1 27566U 02055A   15166.77393446  .00000064  00000-0  00000-0 0  9990
2 27566   3.7318  61.7712 0004289 221.6979  84.4131  1.00272382 45929
NSS-6                   
1 27603U 02057A   15167.36159431 -.00000285  00000-0  10000-3 0  9994
2 27603   0.0320  76.4801 0001276  23.8000  29.1808  1.00271780 45823
NIMIQ 2                 
1 27632U 02062A   15166.28340167 -.00000261  00000-0  00000-0 0  9990
2 27632   0.4915  85.7568 0003318 346.5016 257.0017  1.00270379 45594
INTELSAT 907 (IS-907)   
1 27683U 03007A   15166.28361510 -.00000218  00000-0  00000+0 0  9992
2 27683   0.0175  32.8041 0002671  67.1603 237.8707  1.00271154 45080
INSAT-3A                
1 27714U 03013A   15166.88568535 -.00000274  00000-0  00000-0 0  9999
2 27714   0.0881 277.5679 0005626 170.5184 228.0680  1.00271045 44642
GALAXY 12 (G-12)        
1 27715U 03013B   15166.19991041  .00000044  00000-0  00000-0 0  9990
2 27715   0.0315 269.5319 0004207 212.3474  84.2133  1.00263282 44692
ASIASAT 4               
1 27718U 03014A   15166.92905528 -.00000376  00000-0  00000-0 0  9999
2 27718   0.0113  30.2971 0000633 245.5545  84.6093  1.00274019 44637
HELLAS-SAT 2            
1 27811U 03020A   15166.95827337  .00000136  00000-0  00000-0 0  9997
2 27811   0.0233  49.9648 0003628  33.7150 204.1728  1.00273094 44061
AMC-9 (GE-12)           
1 27820U 03024A   15166.28217436 -.00000231  00000-0  00000+0 0  9996
2 27820   0.0109 338.8445 0002972 105.5779 197.3841  1.00270374 44027
THURAYA-2               
1 27825U 03026A   15165.73769881  .00000114  00000-0  10000-3 0  9992
2 27825   4.2551  25.6686 0004267  54.6404 131.9834  1.00272767 44041
OPTUS C1                
1 27831U 03028B   15166.60983549 -.00000163  00000-0  00000+0 0  9997
2 27831   0.0249 141.6151 0002841 330.0839 167.3837  1.00272902 44015
ECHOSTAR 12 (RAINBOW 1) 
1 27852U 03033A   15166.19108332 -.00000298  00000-0  00000+0 0  9998
2 27852   0.0165 320.5846 0000783 160.4863 149.5154  1.00271681 43677
GALAXY 23 (G-23)        
1 27854U 03034A   15167.39695515 -.00000003  00000-0  00000+0 0  9992
2 27854   0.0035 355.5538 0003002  89.7745 200.9390  1.00271301 43336
EUTELSAT 33A            
1 27948U 03043A   15165.99807925  .00000138  00000-0  00000+0 0  9998
2 27948   0.9096  80.6293 0000128 175.9375  36.4956  1.00274067 43010
GALAXY 13 (HORIZONS-1)  
1 27954U 03044A   15166.50479649  .00000032  00000-0  00000-0 0  9996
2 27954   0.0003 346.8223 0000824 127.8958 203.4535  1.00273081 42868
YAMAL 202               
1 28089U 03053A   15167.17365314  .00000104  00000-0  00000+0 0  9992
2 28089   0.0052 354.5209 0003896 129.4616 251.6578  1.00272802 42382
AMOS-2                  
1 28132U 03059A   15166.04643309 -.00000051  00000-0  00000+0 0  9997
2 28132   0.0426 276.6973 0002605 151.6421 207.3608  1.00269433 42070
EXPRESS-AM22 (SESAT 2)  
1 28134U 03060A   15166.16677027  .00000082  00000-0  00000+0 0  9991
2 28134   0.0139 250.1103 0000399 351.1473 134.9396  1.00272873 41998
AMC-10 (GE-10)          
1 28154U 04003A   15167.61732722  .00000072  00000-0  00000+0 0  9995
2 28154   0.0193 332.5606 0002459 113.2790 265.9451  1.00271283 41633
ABS-2I                  
1 28184U 04007A   15167.96428147  .00000025  00000-0  00000+0 0  9991
2 28184   0.0274 223.0365 0000717 301.4795 148.4955  1.00272590 41291
EUTELSAT 7A             
1 28187U 04008A   15167.03276830  .00000031  00000-0  00000+0 0  9990
2 28187   0.0622 359.5099 0004124 118.0186 165.2125  1.00270682 41276
DIRECTV 7S              
1 28238U 04016A   15167.65388809 -.00000015  00000-0  00000+0 0  9997
2 28238   0.0222 348.6392 0002884 101.9600 290.3322  1.00273808 40784
AMC-11 (GE-11)          
1 28252U 04017A   15167.46859976  .00000053  00000-0  00000+0 0  9992
2 28252   0.0206 335.7636 0002212 110.8899 215.4602  1.00272102 40475
INTELSAT 10-02          
1 28358U 04022A   15166.28424020 -.00000026  00000-0  00000-0 0  9994
2 28358   0.0010  80.7036 0002869  61.6109 222.2711  1.00272981 40349
APSTAR 5 (TELSTAR 18)   
1 28364U 04024A   15166.78527080 -.00000310  00000-0  00000+0 0  9993
2 28364   0.0371  77.6734 0002166   8.4765 238.2808  1.00270542 40258
ANIK F2                 
1 28378U 04027A   15167.57375602 -.00000066  00000-0  00000+0 0  9998
2 28378   0.0215   5.4012 0000308  21.2765 333.3153  1.00271856 40065
AMAZONAS 1              
1 28393U 04031A   15167.20124514 -.00000302  00000-0  00000+0 0  9997
2 28393   0.2491  87.0043 0001715  20.7181 173.4572  1.00268926 39823
AMC-15                  
1 28446U 04041A   15166.36539265 -.00000104  00000-0  00000-0 0  9997
2 28446   0.0232  17.8064 0002151  68.1287 203.8792  1.00271997 39087
AMC-16                  
1 28472U 04048A   15166.25051556 -.00000222  00000-0  00000-0 0  9994
2 28472   0.0196 336.0117 0002299 114.7232 177.6668  1.00271782 38509
NSS-10 (AMC-12)         
1 28526U 05003A   15166.28337117 -.00000266  00000-0  00000-0 0  9997
2 28526   0.0263  22.5592 0003046  71.0920 234.2037  1.00272421 12871
XTAR-EUR                
1 28542U 05005A   15166.80638851  .00000135  00000-0  00000-0 0  9998
2 28542   0.0581 271.6650 0001476 180.9415 130.4414  1.00272478 37873
HIMAWARI-6 (MTSAT-1R)   
1 28622U 05006A   15166.66521913 -.00000297  00000-0  00000-0 0  9992
2 28622   0.1987  87.6785 0002975 347.1143 208.2463  1.00272694 37707
XM-3 (RHYTHM)           
1 28626U 05008A   15166.28211338 -.00000221  00000-0  00000+0 0  9999
2 28626   0.0443 170.8746 0000494 226.7051 242.1258  1.00271282 37759
INMARSAT 4-F1           
1 28628U 05009A   15166.35611838 -.00000278  00000-0  00000-0 0  9992
2 28628   2.7649   1.8029 0002948  84.8151  88.3980  1.00271216 37372
EXPRESS-AM2             
1 28629U 05010A   15167.92164615 -.00000152  00000-0  00000+0 0  9995
2 28629   0.8492  83.4995 0001593 166.0978  67.0398  1.00270608 37417
APSTAR 6                
1 28638U 05012A   15166.96515115 -.00000335  00000-0  00000-0 0  9999
2 28638   0.0383  60.0733 0002305  35.1589 290.1150  1.00268924 62113
SPACEWAY 1              
1 28644U 05015A   15167.60325315 -.00000119  00000-0  00000+0 0  9991
2 28644   0.0430 167.4906 0000397 314.5562 256.7423  1.00278177 37227
DIRECTV 8               
1 28659U 05019A   15166.33453296 -.00000131  00000-0  00000-0 0  9995
2 28659   0.0145 345.2174 0003148  96.5475 201.1076  1.00270339 36832
GALAXY 28 (G-28)        
1 28702U 05022A   15164.98331190 -.00000200  00000-0  00000-0 0  9992
2 28702   0.0099 343.9086 0000306  22.9242 160.1095  1.00270449 36538
EXPRESS-AM3             
1 28707U 05023A   15166.71391038 -.00000337  00000-0  00000+0 0  9998
2 28707   0.0240 229.6652 0000944  22.3696  11.6174  1.00269613 36545
THAICOM 4               
1 28786U 05028A   15167.73404507 -.00000378  00000-0  00000+0 0  9994
2 28786   0.0344  42.5709 0002327  43.3263 202.5691  1.00264594 36045
GALAXY 14 (G-14)        
1 28790U 05030A   15166.42799811  .00000021  00000-0  00000-0 0  9997
2 28790   0.0205 335.5115 0002525 106.7592 210.1858  1.00271535 36000
ANIK F1R                
1 28868U 05036A   15166.53357894 -.00000090  00000-0  00000+0 0  9998
2 28868   0.0005 134.4699 0000702 347.1788 226.6234  1.00273786 35841
GALAXY 15 (G-15)        
1 28884U 05041A   15166.50655059  .00000063  00000-0  00000-0 0  9993
2 28884   0.0244 298.7004 0000837 162.2962 211.8298  1.00273411 35321
SYRACUSE 3A             
1 28885U 05041B   15165.72730251  .00000113  00000-0  00000-0 0  9991
2 28885   0.0318  58.4044 0002055  21.5326 131.5542  1.00272373 35432
INMARSAT 4-F2           
1 28899U 05044A   15166.91632284  .00000119  00000-0  00000+0 0  9993
2 28899   2.4407   1.5518 0002823 101.0417 156.2315  1.00273499 35202
TELKOM 2                
1 28902U 05046A   15165.71305699 -.00000378  00000-0  00000+0 0  9992
2 28902   0.0146  75.2347 0001372  51.3021 150.8151  1.00268926 34997
SPACEWAY 2              
1 28903U 05046B   15166.42723221 -.00000143  00000-0  00000+0 0  9997
2 28903   0.0148 205.5583 0000585 241.8967 230.6695  1.00277090 35184
INSAT-4A                
1 28911U 05049A   15166.83079666 -.00000181  00000-0  00000-0 0  9994
2 28911   0.0555 115.8317 0001980  34.8198 135.2048  1.00271289 34780
METEOSAT-9 (MSG-2)      
1 28912U 05049B   15166.97302597  .00000045  00000-0  00000-0 0  9990
2 28912   0.8198  57.3067 0000904 199.3386   6.7940  1.00267630 34772
EUTELSAT 172A (GE-23)   
1 28924U 05052A   15166.33691484 -.00000022  00000-0  00000-0 0  9999
2 28924   0.0640   9.2811 0005324  75.0739 112.2333  1.00272866 34670
ECHOSTAR 10             
1 28935U 06003A   15165.43306514 -.00000071  00000-0  00000-0 0  9999
2 28935   0.0171 340.3946 0001480 137.2540 190.4613  1.00272553 34176
HIMAWARI-7 (MTSAT-2)    
1 28937U 06004A   15165.64966417 -.00000259  00000-0  00000+0 0  9996
2 28937   0.0398  91.4480 0003462 356.5761 193.4289  1.00268008 34058
SPAINSAT                
1 28945U 06007A   15166.35725866 -.00000232  00000-0  00000-0 0  9990
2 28945   0.0178 227.6867 0003315 245.7718 248.4588  1.00270529 33944
EUTELSAT 9A             
1 28946U 06007B   15166.74007414  .00000046  00000-0  10000-3 0  9992
2 28946   0.0729  78.1521 0002467  12.4633  88.5115  1.00273549 34007
JCSAT-5A                
1 29045U 06010A   15167.65389837 -.00000344  00000-0  00000+0 0  9997
2 29045   0.0188 315.5017 0001324 141.0305 175.4938  1.00271140 33644
ASTRA 1KR               
1 29055U 06012A   15166.89900199  .00000104  00000-0  00000-0 0  9999
2 29055   0.0166 309.0067 0001563 195.7829 101.8738  1.00272768 33464
GOES 13                 
1 29155U 06018A   15167.83036859 -.00000265  00000-0  00000+0 0  9992
2 29155   0.1788 264.9562 0004214 191.0624  32.5402  1.00280744 33228
EUTELSAT 113 WEST A     
1 29162U 06020A   15166.31964366 -.00000053  00000-0  00000-0 0  9994
2 29162   0.0367 114.3611 0002852 335.0711 175.9067  1.00271892 33159
THAICOM 5               
1 29163U 06020B   15165.94744106 -.00000137  00000-0  00000-0 0  9994
2 29163   0.0496 284.8673 0001731 195.0064 202.6073  1.00272808 33203
GALAXY 16 (G-16)        
1 29236U 06023A   15167.75497887 -.00000143  00000-0  00000+0 0  9996
2 29236   0.0044  78.1259 0003501   9.8986 349.4583  1.00272204 32978
EUTELSAT HOT BIRD 13B   
1 29270U 06032A   15167.12321564  .00000070  00000-0  00000+0 0  9991
2 29270   0.0671 352.6345 0002793  68.3625 260.4232  1.00269844 32553
JCSAT-3A                
1 29272U 06033A   15165.58728957 -.00000361  00000-0  00000-0 0  9994
2 29272   0.0088 354.8409 0002104 120.6268 126.5052  1.00270368 32446
SYRACUSE 3B             
1 29273U 06033B   15166.28414872 -.00000060  00000-0  00000-0 0  9997
2 29273   0.0154  47.1528 0002902  33.1058 280.0686  1.00271398 32449
KOREASAT 5 (MUGUNGWHA 5)
1 29349U 06034A   15165.89659083 -.00000374  00000-0  00000-0 0  9991
2 29349   0.0308  61.3348 0000636  42.2719 235.0921  1.00272632  1001
ZHONGXING-22A           
1 29398U 06038A   15166.96484931 -.00000334  00000-0  00000-0 0  9992
2 29398   4.4872  62.6823 0005285  74.4921 215.5558  1.00269151 32115
DIRECTV 9S              
1 29494U 06043A   15167.70629067 -.00000130  00000-0  00000+0 0  9992
2 29494   0.0084 105.2825 0003140 340.8314 331.6922  1.00271876 31817
OPTUS D1                
1 29495U 06043B   15167.71142664 -.00000127  00000-0  00000+0 0  9993
2 29495   0.0223 331.0798 0003332 116.4052 233.2881  1.00271576 31841
XM-4 (BLUES)            
1 29520U 06049A   15166.49261618 -.00000039  00000-0  00000+0 0  9995
2 29520   0.0250  99.4201 0000212 299.2925 286.8358  1.00272548 31682
BADR-4                  
1 29526U 06051A   15166.74548606  .00000129  00000-0  10000-3 0  9991
2 29526   0.0453 336.5368 0002550  57.1045 164.4117  1.00273367 31586
FENGYUN 2D              
1 29640U 06053A   15165.73802582 -.00000216  00000-0  10000-3 0  9992
2 29640   3.0803  68.2583 0002557 119.7898  66.8551  1.00266614 31248
WILDBLUE-1              
1 29643U 06054A   15166.20898059 -.00000065  00000-0  00000+0 0  9990
2 29643   0.0425  93.3826 0001799 349.7104 144.1377  1.00271459 31237
AMC-18                  
1 29644U 06054B   15166.36539382 -.00000105  00000-0  00000-0 0  9995
2 29644   0.0280  36.4491 0002576  39.7721 213.6914  1.00271043 31292
MEASAT-3                
1 29648U 06056A   15167.29456654 -.00000257  00000-0  00000+0 0  9991
2 29648   0.0634 136.3451 0003070 342.2355 343.2009  1.00270260 31273
KIKU-8 (ETS-VIII)       
1 29656U 06059A   15166.29128248 -.00000258  00000-0  00000-0 0  9999
2 29656   4.2251  63.9071 0006369  17.5754  72.3393  1.00271050 31167
INSAT-4B                
1 30793U 07007A   15166.88568056 -.00000274  00000-0  00000-0 0  9995
2 30793   0.1006  94.7561 0000153 272.7130 308.6996  1.00271402 30274
SKYNET 5A               
1 30794U 07007B   15166.16737416  .00000026  00000-0  00000-0 0  9999
2 30794   0.0696   3.3827 0003623  75.7382 250.2760  1.00274040 30345
ANIK F3                 
1 31102U 07009A   15167.62973733 -.00000016  00000-0  00000+0 0  9990
2 31102   0.0315  41.9454 0002135  37.8630 292.7453  1.00264775 30044
ASTRA 1L                
1 31306U 07016A   15163.90448616  .00000106  00000-0  00000-0 0  9998
2 31306   0.0423 318.5505 0001730  85.4815 201.6740  1.00274104 29711
GALAXY 17 (G-17)        
1 31307U 07016B   15167.78303788 -.00000190  00000-0  00000+0 0  9992
2 31307   0.0152 337.9278 0002731 109.5628   8.1175  1.00272280 29787
ZHONGXING-6B            
1 31800U 07031A   15167.85407622 -.00000378  00000-0  00000+0 0  9995
2 31800   0.0128  62.7350 0002052  27.1263 237.9236  1.00273363 29174
DIRECTV 10              
1 31862U 07032A   15167.60325331 -.00000118  00000-0  00000+0 0  9995
2 31862   0.0048 283.7151 0000155 110.2959 344.8989  1.00266936 29110
SPACEWAY 3              
1 32018U 07036A   15166.36741916 -.00000168  00000-0  00000+0 0  9991
2 32018   0.0437 169.7261 0000703 268.3638 222.5576  1.00278569 28814
BSAT-3A                 
1 32019U 07036B   15167.58448588 -.00000366  00000-0  10000-3 0  9991
2 32019   0.0487 242.0821 0001528 292.5936  50.1148  1.00270517 28762
INSAT-4CR               
1 32050U 07037A   15166.80309574 -.00000093  00000-0  00000-0 0  9995
2 32050   0.0618  99.6415 0002758 169.5821 357.6355  1.00271830 28540
OPTUS D2                
1 32252U 07044A   15167.59994704 -.00000200  00000-0  00000+0 0  9998
2 32252   0.0206   2.9664 0002897  85.1456 184.3983  1.00270424 28169
INTELSAT 11 (IS-11)     
1 32253U 07044B   15166.28322633 -.00000284  00000-0  00000+0 0  9992
2 32253   0.0106 325.0141 0002811 122.2944 234.8984  1.00271105 28214
STAR ONE C1             
1 32293U 07056A   15166.28265462 -.00000292  00000-0  00000+0 0  9994
2 32293   0.0540 274.0668 0002626 208.4117 177.5161  1.00273030 27814
SKYNET 5B               
1 32294U 07056B   15166.91591947  .00000124  00000-0  00000-0 0  9999
2 32294   0.0612 355.0235 0003439  89.7811 173.1264  1.00273291 27915
ASTRA 4A (SIRIUS 4)     
1 32299U 07057A   15166.16737416  .00000017  00000-0  00000-0 0  9996
2 32299   0.0201 333.7419 0002724 107.2687 247.1710  1.00271043 11402
HORIZONS-2              
1 32388U 07063B   15165.99891495 -.00000199  00000-0  00000-0 0  9992
2 32388   0.0175  28.2258 0002997  54.7907 264.4119  1.00272116 27551
THURAYA-3               
1 32404U 08001A   15165.99923512 -.00000319  00000-0  00000-0 0  9994
2 32404   4.3795 347.1368 0004669  89.1436 285.0512  1.00271466 27213
EXPRESS-AM33            
1 32478U 08003A   15165.87594547 -.00000296  00000-0  00000-0 0  9990
2 32478   0.0185 231.8139 0000742 316.7982 126.0538  1.00270352 27314
THOR 5                  
1 32487U 08006A   15166.28424781 -.00000025  00000-0  00000+0 0  9990
2 32487   0.0087  79.7477 0002319  14.6498 270.4083  1.00272763 26874
KIZUNA (WINDS)          
1 32500U 08007A   15166.84278918 -.00000275  00000-0  00000-0 0  9996
2 32500   0.0676 270.0535 0002056 160.6715 279.4614  1.00270957 26745
AMC-14                  
1 32708U 08011A   15165.91782664  .00000119  00000-0  00000-0 0  9992
2 32708  17.7319  74.5224 0053644 359.9288 188.2977  1.00272121 27805
DIRECTV 11              
1 32729U 08013A   15166.23854186 -.00000141  00000-0  00000-0 0  9998
2 32729   0.0067 149.9652 0000451 234.4615 225.4664  1.00272930  5300
ICO G1                  
1 32763U 08016A   15166.32102994 -.00000187  00000-0  00000+0 0  9991
2 32763   4.1475 347.1738 0002460 126.2270 172.5937  1.00272200 26151
VINASAT-1               
1 32767U 08018A   15165.57617846 -.00000344  00000-0  00000-0 0  9996
2 32767   0.0113   4.3074 0001270  76.6323 160.9833  1.00272468 26308
STAR ONE C2             
1 32768U 08018B   15165.28820436 -.00000280  00000-0  00000-0 0  9995
2 32768   0.0081 313.9755 0002900 161.3893 180.6503  1.00272055 26241
TIANLIAN 1-01           
1 32779U 08019A   15166.79931044 -.00000152  00000-0  10000-3 0  9995
2 32779   1.3232  79.4944 0030294 218.4469 333.5001  1.00268221 26162
AMOS-3                  
1 32794U 08022A   15166.04643309 -.00000050  00000-0  00000-0 0  9991
2 32794   0.0440 114.1808 0000814 303.2084 218.3112  1.00272566 26130
GALAXY 18 (G-18)        
1 32951U 08024A   15165.62632042  .00000010  00000-0  00000+0 0  9997
2 32951   0.0172  51.9724 0003069  43.0253 270.0553  1.00272021 25795
CHINASAT 9 (ZX 9)       
1 33051U 08028A   15167.81432053 -.00000263  00000-0  00000+0 0  9997
2 33051   0.0040  12.8674 0004404  77.7883 199.4318  1.00270075 25721
SKYNET 5C               
1 33055U 08030A   15166.81419817 -.00000156  00000-0  00000+0 0  9997
2 33055   0.0652 359.9923 0003507  93.6767  85.3799  1.00271562 25613
TURKSAT 3A              
1 33056U 08030B   15167.88997493  .00000130  00000-0  00000+0 0  9998
2 33056   0.0664 155.4113 0004097 295.0394 176.7276  1.00270576 25783
INTELSAT 25 (IS-25)     
1 33153U 08034A   15166.12295282 -.00000239  00000-0  00000-0 0  9995
2 33153   0.0089 342.7997 0002406  92.5606 200.4659  1.00271194 25362
BADR-6                  
1 33154U 08034B   15166.74548559  .00000128  00000-0  00000-0 0  9998
2 33154   0.0622  27.0371 0005812  37.3407 133.7013  1.00271105 25460
ECHOSTAR 11             
1 33207U 08035A   15166.20901109 -.00000073  00000-0  00000+0 0  9992
2 33207   0.0317  53.1020 0003259  43.9534 131.3612  1.00272502 25346
SUPERBIRD-C2            
1 33274U 08038A   15165.64966417 -.00000266  00000-0  00000+0 0  9993
2 33274   0.0103 350.5580 0000946  68.3241 221.5868  1.00273342 25061
AMC-21                  
1 33275U 08038B   15166.42799867  .00000020  00000-0  00000-0 0  9992
2 33275   0.0216 329.5896 0002737 130.7474 192.2257  1.00272400 25199
INMARSAT 4-F3           
1 33278U 08039A   15166.46159355 -.00000155  00000-0  00000-0 0  9992
2 33278   3.0153 354.3990 0002851  82.0503 255.1692  1.00271405 24954
NIMIQ 4                 
1 33373U 08044A   15166.28219723 -.00000236  00000-0  00000+0 0  9999
2 33373   0.0082 331.5986 0002117 106.7309 204.4938  1.00272415 24584
GALAXY 19 (G-19)        
1 33376U 08045A   15167.41965670 -.00000155  00000-0  00000+0 0  9998
2 33376   0.0330  56.1092 0002995  39.1996 223.1374  1.00269089 24569
VENESAT-1               
1 33414U 08055A   15167.51303291 -.00000254  00000-0  00000+0 0  9998
2 33414   0.0548 135.5219 0001477  15.8148 219.7995  1.00272542 24287
ASTRA 1M                
1 33436U 08057A   15166.23204988  .00000104  00000-0  00000-0 0  9999
2 33436   0.0273  49.8152 0004414  60.8461 255.2251  1.00271294 24194
CIEL-2                  
1 33453U 08063A   15166.19703587  .00000042  00000-0  00000+0 0  9999
2 33453   0.0130   1.2462 0002649  94.7894 109.2055  1.00272154 23864
EUTELSAT HOT BIRD 13C   
1 33459U 08065A   15167.93459339  .00000070  00000-0  00000+0 0  9994
2 33459   0.0752  52.9595 0005350  32.9443 168.3809  1.00271281 23959
EUTELSAT 48D            
1 33460U 08065B   15166.06700853  .00000108  00000-0  00000-0 0  9992
2 33460   0.0484  16.4987 0001960  79.7684 238.9687  1.00271300 23738
FENGYUN 2E              
1 33463U 08066A   15166.90222510 -.00000257  00000-0  00000-0 0  9994
2 33463   2.5984  58.9048 0001773 148.9878 116.2205  1.00084443 23787
EXPRESS-AM44            
1 33595U 09007A   15166.09909514 -.00000104  00000-0  00000-0 0  9993
2 33595   0.0044  87.8775 0001030  40.1079 159.7572  1.00272089 23248
NSS-9                   
1 33749U 09008A   15166.52590562  .00000056  00000-0  00000-0 0  9997
2 33749   0.0168 337.5878 0001593 107.9788 190.2718  1.00271883 23252
EUTELSAT HOT BIRD 13D   
1 33750U 09008B   15167.12321564  .00000071  00000-0  00000+0 0  9996
2 33750   0.0324 335.9100 0002119 126.7072 218.7811  1.00271534 23295
TELSTAR 11N             
1 34111U 09009A   15166.28336355 -.00000267  00000-0  00000+0 0  9997
2 34111   0.0029  56.2467 0003389   5.4491 266.0077  1.00271679 23106
RADUGA-1 8              
1 34264U 09010A   15166.50336046 -.00000159  00000-0  10000-3 0  9995
2 34264   4.2989  76.2344 0008916 300.8822 341.5422  0.99818326 23031
EUTELSAT 10A            
1 34710U 09016A   15166.99189573  .00000052  00000-0  00000+0 0  9997
2 34710   0.0618 357.6738 0004674  80.4334 192.9062  1.00273492 22678
SES-7 (PROTOSTAR 2)     
1 34941U 09027A   15167.38464128 -.00000361  00000-0  10000-3 0  9990
2 34941   0.0360  40.1466 0001476 223.7163 247.1787  1.00269335 22330
MEASAT-3A               
1 35362U 09032A   15167.79838529 -.00000257  00000-0  00000+0 0  9998
2 35362   0.0359 205.4928 0001108 321.2047 116.9606  1.00270805 21945
GOES 14                 
1 35491U 09033A   15166.41787207 -.00000107  00000-0  00000-0 0  9991
2 35491   0.2419  97.7138 0002331  46.5877 164.9131  1.00269998 21845
SIRIUS FM-5             
1 35493U 09034A   15166.53873757 -.00000161  00000-0  00000-0 0  9993
2 35493   0.0145 303.6959 0000777 345.8826  71.8419  1.00271422 21695
TERRESTAR-1             
1 35496U 09035A   15166.50827975 -.00000071  00000-0  00000-0 0  9995
2 35496   3.5278 333.0783 0002692 122.3486 240.0128  1.00272338 21855
ASIASAT 5               
1 35696U 09042A   15166.97408543 -.00000323  00000-0  00000+0 0  9991
2 35696   0.0293  72.5586 0001835 324.0497 318.4778  1.00272063 21365
JCSAT-RA (JCSAT-12)     
1 35755U 09044A   15165.58728957 -.00000361  00000-0  00000-0 0  9992
2 35755   0.0540  40.9744 0002407 336.6390 224.3131  1.00269907 21347
OPTUS D3                
1 35756U 09044B   15166.60983341 -.00000163  00000-0  00000+0 0  9996
2 35756   0.0392 351.2544 0003344  70.8381 217.0133  1.00272103 21328
PALAPA D                
1 35812U 09046A   15167.49754800 -.00000374  00000-0  00000+0 0  9999
2 35812   0.0230  43.1442 0002221  60.4179  92.9457  1.00271163 21378
NIMIQ 5                 
1 35873U 09050A   15166.25861171 -.00000273  00000-0  00000+0 0  9992
2 35873   0.0135  65.4121 0001810  27.2552 190.9496  1.00271371 21057
AMAZONAS 2              
1 35942U 09054A   15166.28276133 -.00000298  00000-0  00000+0 0  9991
2 35942   0.0605 125.9630 0004614 331.9233 206.1655  1.00269795 20894
COMSATBW-1              
1 35943U 09054B   15167.70406639  .00000008  00000-0  00000+0 0  9994
2 35943   0.0572  42.7188 0002381  36.2120 142.1967  1.00270437 20969
NSS-12                  
1 36032U 09058A   15166.73728743  .00000055  00000-0  00000-0 0  9996
2 36032   0.0168 315.2846 0002402 124.0308 146.7720  1.00271769 20648
THOR 6                  
1 36033U 09058B   15166.28424781 -.00000026  00000-0  00000-0 0  9991
2 36033   0.0050 105.4414 0001823 349.4416 269.8345  1.00271439 20721
INTELSAT 14 (IS-14)     
1 36097U 09064A   15166.28318060 -.00000289  00000-0  00000-0 0  9991
2 36097   0.0397  44.7921 0002572  60.8533 214.5798  1.00265304 20418
EUTELSAT 36B            
1 36101U 09065A   15165.95827694  .00000140  00000-0  00000-0 0  9994
2 36101   0.0635   7.3382 0003869  77.4622 199.0108  1.00273918 20498
INTELSAT 15 (IS-15)     
1 36106U 09067A   15165.99892257 -.00000201  00000-0  00000-0 0  9991
2 36106   0.0156  45.2240 0002437  57.0721 245.4278  1.00271446 20284
DIRECTV 12              
1 36131U 09075A   15166.33896134 -.00000119  00000-0  00000-0 0  9993
2 36131   0.0393 165.8632 0000122 312.1059 164.5851  1.00272306  6285
BEIDOU G1               
1 36287U 10001A   15166.66491818 -.00000299  00000-0  10000-3 0  9995
2 36287   1.5516 355.8374 0002628 192.8871  94.3120  1.00274474 19867
RADUGA-1M 2             
1 36358U 10002A   15165.99891495 -.00000200  00000-0  00000-0 0  9993
2 36358   0.0034 356.1810 0002328 117.9571 233.4382  1.00272207  9807
SDO                     
1 36395U 10005A   15164.53979715 -.00000035  00000-0  00000-0 0  9994
2 36395  28.1237 153.7900 0002359 206.9670 353.1350  1.00271405 19702
INTELSAT 16 (IS-16)     
1 36397U 10006A   15166.28228109 -.00000249  00000-0  00000-0 0  9992
2 36397   0.0294  30.9185 0002175  64.5008 190.4482  1.00271704 19469
GOES 15                 
1 36411U 10008A   15166.27892903  .00000069  00000-0  00000-0 0  9998
2 36411   0.1679 100.9061 0000622 323.7602 164.5111  1.00285935 19372
ECHOSTAR 14             
1 36499U 10010A   15167.56190100 -.00000016  00000-0  00000+0 0  9992
2 36499   0.0270  35.3295 0003129  48.5562 263.9836  1.00273170 19237
SES-1                   
1 36516U 10016A   15166.33740628 -.00000130  00000-0  00000-0 0  9996
2 36516   0.0181  14.7386 0001928  61.5275 207.4925  1.00271581 18742
ASTRA 3B                
1 36581U 10021A   15166.81546444  .00000121  00000-0  00000+0 0  9995
2 36581   0.0570 338.7309 0003919 123.8835 118.1930  1.00268953 18480
COMSATBW-2              
1 36582U 10021B   15166.76038183  .00000072  00000-0  00000-0 0  9992
2 36582   0.0138 317.3185 0001476 151.4343  81.8441  1.00272041 18681
BEIDOU G3               
1 36590U 10024A   15166.90881454 -.00000371  00000-0  00000-0 0  9990
2 36590   1.5642  31.0345 0004053 309.4462   0.9467  1.00264636 18473
BADR-5                  
1 36592U 10025A   15166.92916723  .00000128  00000-0  00000+0 0  9991
2 36592   0.0030 263.4856 0003284 232.3128 128.5796  1.00268466 18619
COMS 1                  
1 36744U 10032A   15165.58728957 -.00000360  00000-0  00000-0 0  9999
2 36744   0.0236  75.4199 0000799 353.4872 173.2699  1.00271836 18339
ARABSAT-5A              
1 36745U 10032B   15166.93285512  .00000137  00000-0  00000-0 0  9996
2 36745   0.0538   7.2302 0002730  81.5790 181.3728  1.00273371 18338
ECHOSTAR 15             
1 36792U 10034A   15166.28317297 -.00000289  00000-0  00000-0 0  9993
2 36792   0.0208   5.3516 0002278  94.8425 219.9002  1.00272858 18061
BEIDOU IGSO 1           
1 36828U 10036A   15166.71322384 -.00000078  00000-0  10000-3 0  9996
2 36828  54.3084 200.7640 0040998 212.8636 225.3942  1.00291160 17915
NILESAT 201             
1 36830U 10037A   15167.07831966 -.00000073  00000-0  10000-3 0  9996
2 36830   0.0601 144.1337 0005731 297.1762 203.9333  1.00272738 17980
RASCOM-QAF 1R           
1 36831U 10037B   15166.08300648  .00000003  00000-0  00000-0 0  9993
2 36831   0.0298  60.4510 0003569  21.8461 213.5317  1.00272800 17991
CHINASAT 6A (ZX 6A)     
1 37150U 10042A   15166.91045715 -.00000370  00000-0  00000+0 0  9994
2 37150   0.0128  78.8077 0000741 280.7467 357.0887  1.00271467 17590
XM-5                    
1 37185U 10053A   15166.25141838 -.00000223  00000-0  00000+0 0  9991
2 37185   0.0259 307.4078 0002004  76.9944 244.1136  1.00289961 17135
BSAT-3B                 
1 37207U 10056B   15166.71456488 -.00000366  00000-0  00000+0 0  9998
2 37207   0.0668 310.3276 0001910  32.0503 288.3812  1.00270231 16978
BEIDOU G4               
1 37210U 10057A   15166.07890552 -.00000128  00000-0  00000-0 0  9993
2 37210   0.7704  42.4283 0006294 150.7164 258.3233  1.00271565 16999
SKYTERRA 1              
1 37218U 10061A   15167.67583775 -.00000133  00000-0  00000+0 0  9994
2 37218   4.1108 324.8101 0009150 172.0975 269.7005  1.00272646 16938
ZHONGXING-20A           
1 37234U 10064A   15166.65559660 -.00000353  00000-0  00000-0 0  9993
2 37234   0.0255 254.1546 0002625 218.6728 156.8641  1.00270109 16726
HYLAS 1                 
1 37237U 10065A   15166.28347027 -.00000249  00000-0  00000-0 0  9992
2 37237   0.0232 341.3670 0001624 124.6994 225.7584  1.00271788 16670
INTELSAT 17 (IS-17)     
1 37238U 10065B   15167.06428023 -.00000018  00000-0  00000+0 0  9999
2 37238   0.0107  94.4068 0002914 355.6123 263.1308  1.00272760 16640
BEIDOU IGSO 2           
1 37256U 10068A   15166.97041101 -.00000258  00000-0  10000-3 0  9990
2 37256  53.9980 319.7566 0036384 201.9293 208.7423  1.00299406 16505
EUTELSAT KA-SAT 9A      
1 37258U 10069A   15167.05726785  .00000045  00000-0  10000-3 0  9994
2 37258   0.0303 307.5422 0004143 158.2888 187.7623  1.00270764 16512
HISPASAT 1E             
1 37264U 10070A   15167.38052061 -.00000232  00000-0  00000+0 0  9992
2 37264   0.0521 144.6666 0004603 326.3985 260.2429  1.00271206 16375
KOREASAT 6              
1 37265U 10070B   15165.71516348 -.00000377  00000-0  00000+0 0  9991
2 37265   0.0389  46.2504 0002226  48.8369 181.1216  1.00264902 16377
ELEKTRO-L 1 (GOMS 2)    
1 37344U 11001A   15166.06767172 -.00000112  00000-0  10000-3 0  9998
2 37344   0.9724  80.7261 0002529 289.1379 353.3761  1.00270097 16164
BEIDOU IGSO 3           
1 37384U 11013A   15166.95527073 -.00000218  00000-0  10000-3 0  9994
2 37384  56.9388  80.6349 0024797 191.9459  94.3176  1.00257539 15371
INTELSAT NEW DAWN       
1 37392U 11016A   15165.18031248  .00000140  00000-0  00000-0 0  9993
2 37392   0.0202  24.5493 0000947 124.4074 211.0490  1.00272249 12983
YAHSAT 1A               
1 37393U 11016B   15166.16677027  .00000085  00000-0  00000-0 0  9992
2 37393   0.0016 358.3107 0000917 102.3081 275.0359  1.00271722 15271
TELSTAR 14R             
1 37602U 11021A   15166.34757903 -.00000295  00000-0  00000-0 0  9997
2 37602   0.0183 331.0924 0000336 208.6620 145.6630  1.00270515 15473
GSAT-8                  
1 37605U 11022A   15166.00560875  .00000069  00000-0  00000-0 0  9992
2 37605   0.0524 121.5755 0003049 165.9807  32.4594  1.00272687 14928
ST-2                    
1 37606U 11022B   15165.93118378 -.00000227  00000-0  00000-0 0  9998
2 37606   0.0268  37.9351 0000581  22.3759 265.8337  1.00269150 14946
CHINASAT 10 (ZX 10)     
1 37677U 11026A   15166.90881454 -.00000368  00000-0  10000-3 0  9990
2 37677   0.0253 280.1357 0005405 291.7819 129.6125  1.00272112 14668
TIANLIAN 1-02           
1 37737U 11032A   15166.77363407 -.00000065  00000-0  10000-3 0  9996
2 37737   1.1042  80.6390 0026664 192.5983  75.9819  1.00272511 14412
GSAT-12                 
1 37746U 11034A   15166.83079553 -.00000181  00000-0  00000+0 0  9995
2 37746   0.0195 260.9082 0007045 210.9926 173.9651  1.00271644 14660
SES-3                   
1 37748U 11035A   15167.60325270 -.00000118  00000-0  00000+0 0  9994
2 37748   0.0176 333.8075 0000855  65.2214 339.6779  1.00271689 14409
KAZSAT-2                
1 37749U 11035B   15165.99895307 -.00000214  00000-0  00000-0 0  9996
2 37749   0.0302  91.2488 0000542 103.6617 154.1768  1.00272883 14282
BEIDOU IGSO 4           
1 37763U 11038A   15167.36200650 -.00000027  00000-0  10000-3 0  9995
2 37763  54.6192 203.0021 0037066 207.8331  79.5798  1.00278413 14342
ASTRA 1N                
1 37775U 11041A   15163.25623887  .00000106  00000-0  00000-0 0  9990
2 37775   0.0716  26.9628 0005279  39.4592 305.2922  1.00273095 14075
BSAT-3C (JCSAT-110R)    
1 37776U 11041B   15166.71456353 -.00000367  00000-0  00000-0 0  9997
2 37776   0.0314  48.8024 0000422 158.4243  63.6397  1.00270396 14233
PAKSAT-1R               
1 37779U 11042A   15167.86713172  .00000138  00000-0  00000+0 0  9997
2 37779   0.0517 130.0290 0002539 303.7286 181.1664  1.00270539 14022
CHINASAT 1A (ZX 1A)     
1 37804U 11047A   15167.51042387 -.00000353  00000-0  00000+0 0  9996
2 37804   0.0169 133.8327 0001383 136.0751 308.1870  1.00272134 13792
COSMOS 2473             
1 37806U 11048A   15165.99879299 -.00000151  00000-0  00000-0 0  9996
2 37806   0.0240  53.0105 0000780 132.5295 156.9262  1.00271416 13746
SES-2                   
1 37809U 11049A   15166.34342243 -.00000211  00000-0  00000-0 0  9991
2 37809   0.0176  26.0802 0002796  54.9014 218.9542  1.00272110 13715
ARABSAT-5C              
1 37810U 11049B   15166.23204988  .00000107  00000-0  00000+0 0  9996
2 37810   0.0622 359.9431 0003430 125.0159 241.7345  1.00270319 13663
EUTELSAT 7 WEST A       
1 37816U 11051A   15166.28409536 -.00000076  00000-0  10000-3 0  9997
2 37816   0.0611 352.8721 0003756 150.9960 214.3422  1.00270827 13654
QUETZSAT 1              
1 37826U 11054A   15166.36063749 -.00000257  00000-0  00000-0 0  9999
2 37826   0.0213  14.5166 0002867  67.3476 234.2791  1.00272364  9623
INTELSAT 18 (IS-18)     
1 37834U 11056A   15166.52891485  .00000036  00000-0  00000+0 0  9997
2 37834   0.0165  34.3302 0001482  53.1916 186.3463  1.00270332 13579
EUTELSAT 16A            
1 37836U 11057A   15166.08334190  .00000088  00000-0  00000+0 0  9993
2 37836   0.0620 351.5859 0004383  95.9922 221.4428  1.00270484 13482
VIASAT-1                
1 37843U 11059A   15165.53532115 -.00000039  00000-0  10000-3 0  9991
2 37843   0.0113 329.7768 0001616 118.1174 252.1867  1.00269165 13950
ASIASAT 7               
1 37933U 11069A   15164.97936968 -.00000349  00000-0  00000-0 0  9993
2 37933   0.0260 296.7826 0001964 106.6953 316.5329  1.00274710  4549
BEIDOU IGSO 5           
1 37948U 11073A   15166.92082390 -.00000189  00000-0  10000-3 0  9998
2 37948  54.0909 319.1963 0031522 197.6571 171.6142  1.00258432 13103
AMOS-5                  
1 37950U 11074A   15166.08337238  .00000093  00000-0  00000-0 0  9992
2 37950   0.0164 275.1865 0001541 210.9151 183.9563  1.00271537 12689
LUCH 5A                 
1 37951U 11074B   15167.54593139 -.00000059  00000-0  00000+0 0  9991
2 37951   2.2507 235.8897 0003421 223.5466 168.5372  1.00272905 12891
NIGCOMSAT 1R            
1 38014U 11077A   15167.89039403  .00000129  00000-0  00000+0 0  9999
2 38014   0.0368 158.2171 0002745  81.1506  28.4453  1.00269861 12775
FENGYUN 2F              
1 38049U 12002A   15166.95715312 -.00000373  00000-0  10000-3 0  9999
2 38049   0.2856  50.9031 0002284 177.4364 131.9179  1.00281437 12597
SES-4                   
1 38087U 12007A   15166.81449969 -.00000184  00000-0  00000-0 0  9999
2 38087   0.0177 357.2311 0002827  92.8903  84.8360  1.00270217 12210
BEIDOU G5               
1 38091U 12008A   15166.86328235  .00000040  00000-0  00000-0 0  9992
2 38091   1.1454  30.0545 0001681 117.8137 125.3447  1.00272049 12171
INTELSAT 22 (IS-22)     
1 38098U 12011A   15166.03169565 -.00000075  00000-0  00000-0 0  9990
2 38098   0.0280  15.7979 0002064  81.3994 249.2912  1.00271745 11743
APSTAR 7                
1 38107U 12013A   15166.92052381 -.00000118  00000-0  00000-0 0  9996
2 38107   0.0320  28.3422 0002537  54.6747 228.7387  1.00271705 11863
YAHSAT 1B               
1 38245U 12016A   15166.06699328  .00000111  00000-0  00000-0 0  9997
2 38245   0.0045 263.1993 0000960 214.3770 217.1450  1.00272114 11601
JCSAT-13                
1 38331U 12023A   15166.50374535 -.00000372  00000-0  00000+0 0  9999
2 38331   0.0418  65.4427 0001745  74.2251  69.1305  1.00270560 11275
VINASAT-2               
1 38332U 12023B   15164.90637857 -.00000344  00000-0  00000+0 0  9990
2 38332   0.0103 319.4749 0001613 139.1366 261.4022  1.00272340 11291
NIMIQ 6                 
1 38342U 12026A   15165.28762501 -.00000189  00000-0  00000+0 0  9998
2 38342   0.0057 348.0721 0002243 109.9568 176.6693  1.00271430 11275
CHINASAT 2A (ZX 2A)     
1 38352U 12028A   15165.99662619 -.00000308  00000-0  00000-0 0  9992
2 38352   0.0094 143.0172 0000753 272.9625 304.0210  1.00269812 11070
INTELSAT 19 (IS-19)     
1 38356U 12030A   15166.59638037 -.00000073  00000-0  00000-0 0  9992
2 38356   0.0145 358.0713 0002874  89.8679 196.2965  1.00271709 11201
ECHOSTAR 17             
1 38551U 12035A   15166.40492939 -.00000091  00000-0  00000+0 0  9992
2 38551   0.0269 332.0597 0002434 123.5943 206.3628  1.00271975 10819
METEOSAT-10 (MSG-3)     
1 38552U 12035B   15166.80720330 -.00000018  00000-0  00000-0 0  9996
2 38552   0.0457  79.1280 0000158   0.1191 115.5353  1.00261438 10913
SES-5                   
1 38652U 12036A   15165.25779643  .00000019  00000-0  00000+0 0  9996
2 38652   0.0794 270.5649 0002728 165.1918 284.2685  1.00271499 10750
TIANLIAN 1-03           
1 38730U 12040A   15167.92404068  .00000092  00000-0  00000+0 0  9991
2 38730   0.0349 269.5441 0004249 284.7608  59.9375  1.00271973 10698
INTELSAT 20 (IS-20)     
1 38740U 12043A   15167.84998601 -.00000040  00000-0  00000+0 0  9991
2 38740   0.0175 299.9174 0000554 349.4284 349.9241  1.00271919 10537
HYLAS 2                 
1 38741U 12043B   15165.99807925  .00000138  00000-0  00000-0 0  9992
2 38741   0.0452  91.5655 0002053  10.8386 190.8580  1.00274278 10455
INTELSAT 21 (IS-21)     
1 38749U 12045A   15166.19048144 -.00000300  00000-0  00000-0 0  9997
2 38749   0.0205  23.2520 0002402  77.7843 172.6688  1.00270096 10338
ASTRA 2F                
1 38778U 12051A   15167.18800950  .00000134  00000-0  00000+0 0  9990
2 38778   0.0513 221.2872 0001155 297.4956 201.2138  1.00269647  9991
GSAT-10                 
1 38779U 12051B   15166.83079632 -.00000180  00000-0  00000-0 0  9990
2 38779   0.0803  95.6716 0002217 169.2772  20.8798  1.00269540  9984
INTELSAT 23 (IS-23)     
1 38867U 12057A   15167.19823581 -.00000301  00000-0  00000+0 0  9998
2 38867   0.0014 125.6220 0001507  14.4093 142.4459  1.00269971  9813
BEIDOU G6               
1 38953U 12059A   15166.79931044 -.00000153  00000-0  10000-3 0  9995
2 38953   0.2020  49.0801 0001773  84.4105 138.0383  1.00272442  9744
LUCH 5B                 
1 38977U 12061A   15166.29855493 -.00000145  00000-0  00000-0 0  9999
2 38977   2.0733  81.1248 0002545  60.1763 213.2214  1.00271452  9864
YAMAL 300K              
1 38978U 12061B   15166.52590562  .00000055  00000-0  00000-0 0  9998
2 38978   0.0191  42.6695 0000565 176.2895  56.7959  1.00272442  9567
STAR ONE C3             
1 38991U 12062A   15165.47930785 -.00000265  00000-0  00000+0 0  9995
2 38991   0.0852  91.0345 0001815 330.1032 298.8749  1.00273348  9549
EUTELSAT 21B            
1 38992U 12062B   15166.73826858  .00000114  00000-0  00000+0 0  9993
2 38992   0.0612 352.7998 0002150  99.5481  98.6884  1.00269904  9563
ECHOSTAR 16             
1 39008U 12065A   15166.28274609 -.00000298  00000-0  10000-3 0  9995
2 39008   0.0010 349.6596 0002697  93.4961 220.3639  1.00271136  9499
CHINASAT 12 (ZX 12)     
1 39017U 12067A   15165.99897594 -.00000223  00000-0  00000-0 0  9992
2 39017   0.0152  52.4268 0002639  49.9873 247.6698  1.00273003  9194
EUTELSAT 70B            
1 39020U 12069A   15167.85003938 -.00000059  00000-0  00000+0 0  9992
2 39020   0.0663  18.5987 0002921  73.6879 188.9761  1.00271967  9319
YAMAL 402               
1 39022U 12070A   15167.67869161  .00000070  00000-0  10000-3 0  9991
2 39022   0.0097 335.1902 0002987 134.7080  93.9346  1.00273633  9307
SKYNET 5D               
1 39034U 12075A   15166.12277554  .00000084  00000-0  00000-0 0  9998
2 39034   0.0682 349.6686 0003603  93.0815 277.2847  1.00270238  8870
MEXSAT 3                
1 39035U 12075B   15166.58336553 -.00000041  00000-0  10000-3 0  9992
2 39035   0.0460 165.9321 0001276 291.9404 260.8601  1.00272529  9161
TDRS 11                 
1 39070U 13004A   15166.77221280  .00000077  00000-0  00000+0 0  9998
2 39070   6.2470 329.9500 0008163 264.5089 136.2049  1.00277697  8709
AMAZONAS 3              
1 39078U 13006A   15167.20545755 -.00000299  00000-0  10000-3 0  9995
2 39078   0.0382 227.8842 0002046 305.6685 103.5661  1.00271255  8665
AZERSPACE 1             
1 39079U 13006B   15167.04493942  .00000117  00000-0  00000+0 0  9991
2 39079   0.0041 116.6225 0001297 354.5840 214.9358  1.00269863  8641
EUTELSAT 117 WEST A     
1 39122U 13012A   15166.53385360 -.00000029  00000-0  00000-0 0  9998
2 39122   0.0091  28.1507 0002422  66.5532 244.1522  1.00272068  8160
ANIK G1                 
1 39127U 13014A   15166.53367215 -.00000090  00000-0  00000+0 0  9991
2 39127   0.0150  10.1252 0002319  65.9133 272.2601  1.00272085  7959
CHINASAT 11 (ZX 11)     
1 39157U 13020A   15165.86402403 -.00000306  00000-0  00000+0 0  9995
2 39157   0.0019 319.9758 0001237 238.9713 112.9378  1.00269445  7835
EUTELSAT 7B             
1 39163U 13022A   15167.03276764  .00000032  00000-0  00000+0 0  9999
2 39163   0.0399   9.8641 0004804  16.4492 256.4501  1.00271129  7693
SES-6                   
1 39172U 13026A   15165.38385104 -.00000276  00000-0  00000+0 0  9999
2 39172   0.0211  13.0464 0002321  76.2077 270.7670  1.00278629  7420
IRNSS-1A                
1 39199U 13034A   15165.78862102  .00000108  00000-0  00000+0 0  9992
2 39199  27.7612 128.0485 0020210 194.2032 279.4901  1.00276260  7331
ALPHASAT                
1 39215U 13038A   15165.20279161  .00000124  00000-0  00000-0 0  9998
2 39215   0.8539  33.8596 0002423  53.9235 272.2388  1.00269598  3734
INSAT-3D                
1 39216U 13038B   15165.04401985 -.00000173  00000-0  00000-0 0  9997
2 39216   0.0548 278.7689 0000521 173.3516 267.8806  1.00275056  6820
EUTELSAT 25B            
1 39233U 13044A   15166.08357821  .00000127  00000-0  00000-0 0  9995
2 39233   0.0478   5.5899 0000931  99.2947 213.7487  1.00273969  6599
GSAT-7                  
1 39234U 13044B   15167.70603645 -.00000093  00000-0  00000+0 0  9996
2 39234   0.0915  92.7351 0007350 183.8535 316.2125  1.00271580  6609
AMOS-4                  
1 39237U 13045A   15165.99842708 -.00000009  00000-0  00000-0 0  9992
2 39237   0.0478  83.4051 0001574  46.9317 197.0627  1.00271953  6571
ASTRA 2E                
1 39285U 13056A   15166.92916723  .00000134  00000-0  10000-3 0  9992
2 39285   0.0450 345.4417 0001667 114.6993 166.5857  1.00273420  6282
SIRIUS FM-6             
1 39360U 13058A   15167.58696271 -.00000033  00000-0  00000+0 0  9998
2 39360   0.0062   0.0396 0000857 270.5606  89.0720  1.00272130  6047
RADUGA-1M 3             
1 39375U 13062A   15167.06437171 -.00000055  00000-0  00000+0 0  9998
2 39375   0.0296  54.3183 0002275  56.0507 246.8159  1.00272459  5829
SES-8                   
1 39460U 13071A   15166.87315499 -.00000285  00000-0  00000+0 0  9994
2 39460   0.0186 287.0950 0002124 174.3462 211.7008  1.00271235  5562
INMARSAT 5-F1           
1 39476U 13073A   15165.09818572  .00000013  00000-0  00000-0 0  9995
2 39476   0.0347 302.4141 0000528 161.9168 255.6749  1.00269600  5611
TKSAT-1 (TUPAC KATARI)  
1 39481U 13075A   15165.51318394 -.00000210  00000-0  00000-0 0  9997
2 39481   0.0222 225.5246 0001975 231.1173 263.3750  1.00269287  5296
EXPRESS-AM5             
1 39487U 13077A   15166.28692906 -.00000296  00000-0  00000-0 0  9998
2 39487   0.0395 185.5536 0000608 153.8485 167.1626  1.00270302  6078
GSAT-14                 
1 39498U 14001A   15166.80309571 -.00000093  00000-0  00000-0 0  9994
2 39498   0.0396 259.7895 0001099 208.4927 158.5948  1.00271030  5277
THAICOM 6               
1 39500U 14002A   15165.05423714 -.00000136  00000-0  00000-0 0  9999
2 39500   0.0853 127.4069 0005052 356.2923 236.3440  1.00271009  5137
TDRS 12                 
1 39504U 14004A   15166.88223284 -.00000288  00000-0  00000-0 0  9995
2 39504   6.6608 337.4143 0001907 186.0102  16.8752  1.00279781  5143
ABS-2                   
1 39508U 14006A   15166.92052381 -.00000102  00000-0  00000-0 0  9999
2 39508   0.0178  29.5422 0002258  61.9862 218.6318  1.00271456  5028
ATHENA-FIDUS            
1 39509U 14006B   15166.95402241  .00000138  00000-0  00000-0 0  9995
2 39509   0.0111   5.9092 0000552  83.8764 195.3560  1.00273748  5202
TURKSAT 4A              
1 39522U 14007A   15166.99396843  .00000130  00000-0  10000-3 0  9991
2 39522   0.0276 280.9799 0000382  37.7631 345.0118  1.00273177  4905
EXPRESS-AT1             
1 39612U 14010A   15167.17250492  .00000063  00000-0  00000+0 0  9995
2 39612   0.0471 195.0053 0000884  31.4673 155.7343  1.00271200  4759
EXPRESS-AT2             
1 39613U 14010B   15166.66521913 -.00000297  00000-0  00000+0 0  9998
2 39613   0.0428 199.1110 0000198  40.2659  43.5526  1.00270715  4578
AMAZONAS 4A             
1 39616U 14011A   15167.20545755 -.00000299  00000-0  00000+0 0  9995
2 39616   0.0216 353.1523 0004218  72.4994 211.5013  1.00272437  4562
ASTRA 5B                
1 39617U 14011B   15165.18422201  .00000139  00000-0  00000+0 0  9993
2 39617   0.0271  10.2355 0002379  75.8592 273.9274  1.00269406  4557
IRNSS-1B                
1 39635U 14017A   15165.97811116  .00000032  00000-0  00000-0 0  9996
2 39635  30.3501 306.1891 0021782 179.8376 184.0139  1.00271654  4498
LUCH 5V                 
1 39727U 14023A   15164.60264648 -.00000284  00000-0  00000-0 0  9996
2 39727   4.0735 301.0821 0002929 157.7578 114.4513  1.00270316522194
KAZSAT 3                
1 39728U 14023B   15166.15148167  .00000045  00000-0  00000-0 0  9990
2 39728   0.0441 173.1976 0000666  70.8313 132.1019  1.00272169  4137
EUTELSAT 3B             
1 39773U 14030A   15165.26298892  .00000004  00000-0  00000-0 0  9995
2 39773   0.0658  28.4809 0003498 119.4326 212.1025  1.00270693  3768
ASIASAT 8               
1 40107U 14046A   15165.90310273 -.00000348  00000-0  00000+0 0  9995
2 40107   0.0132 311.0951 0001614 186.2427 195.9290  1.00272359  3188
ASIASAT 6               
1 40141U 14052A   15166.93388651 -.00000378  00000-0  00000+0 0  9992
2 40141   0.0122  54.4956 0000640  42.0232 263.4806  1.00271947  2858
OPTUS 10                
1 40146U 14054A   15165.58643642 -.00000090  00000-0  00000+0 0  9994
2 40146   0.0367  92.5305 0002803 357.7128 187.4203  1.00272905  2804
MEASAT-3B               
1 40147U 14054B   15166.54324053 -.00000258  00000-0  10000-3 0  9995
2 40147   0.0213 345.6733 0001841  90.3356 114.5455  1.00271566  2864
LUCH (OLYMP)            
1 40258U 14058A   15167.31258214 -.00000171  00000-0  00000+0 0  9992
2 40258   0.0191 313.8280 0002309 318.1141  88.9877  1.00086614  2645
HIMAWARI 8              
1 40267U 14060A   15166.66281227 -.00000291  00000-0  00000+0 0  9995
2 40267   0.0118  72.7527 0000399  81.8177 128.3195  1.00272175  2550
IRNSS-1C                
1 40269U 14061A   15165.99886921 -.00000173  00000-0  10000-3 0  9999
2 40269   4.4888 268.7258 0018387   5.5428  71.2115  1.00267278  2512
INTELSAT 30 (IS-30)     
1 40271U 14062A   15165.53488835 -.00000168  00000-0  00000+0 0  9994
2 40271   0.0113 355.0331 0001954  36.9535 328.0197  1.00285212  2464
ARSAT 1                 
1 40272U 14062B   15165.47071522 -.00000274  00000-0  00000-0 0  9998
2 40272   0.0301 339.0464 0001521  82.3898 298.5791  1.00269799  2306
EXPRESS-AM6             
1 40277U 14064A   15165.80852096  .00000083  00000-0  00000+0 0  9991
2 40277   0.0196 201.7643 0000365 351.3374  53.6969  1.00271895  2385
GSAT 16                 
1 40332U 14078A   15167.02202983  .00000069  00000-0  00000+0 0  9992
2 40332   0.0212 269.8006 0006964 176.5545 240.5914  1.00272517  1953
DIRECTV 14              
1 40333U 14078B   15165.54650170 -.00000140  00000-0  00000-0 0  9995
2 40333   0.0237 350.1746 0000151 136.7795 233.0473  1.00270356  1937
YAMAL 401               
1 40345U 14082A   15163.90796943 -.00000243  00000-0  00000-0 0  9994
2 40345   0.0081 259.7657 0000446 289.5836 128.3951  1.00271415  2072
ASTRA 2G                
1 40364U 14089A   15166.92916723  .00000120  00000-0  00000-0 0  9990
2 40364   0.0446  46.0835 0001112 348.5118 231.9243  1.00102104  1727
FENGYUN 2G              
1 40367U 14090A   15167.83527890 -.00000343  00000-0  00000+0 0  9996
2 40367   1.9426 276.9883 0005288 255.1501 137.9017  1.00262220  1755
INMARSAT 5-F2           
1 40384U 15005A   15166.28379806 -.00000172  00000-0  00000-0 0  9993
2 40384   0.0705 106.5224 0001215 221.9347  16.7655  1.00270738  1368
EXPRESS-AM7             
1 40505U 15012A   15166.96250703  .00000134  00000-0  00000-0 0  9992
2 40505   0.0065 333.0530 0002528 124.4367 192.8931  1.00271163  1058
THOR 7                  
1 40613U 15022A   15163.68750000 -.00000022  00000-0  00000+0 0  9990
2 40613   0.0220 283.9040 0002007 157.1360  66.4860  1.00274110   509
TURKMENALEM52E/MONACOSAT
1 40617U 15023A   15166.58937265  .00000088  00000-0  00000-0 0  9999
2 40617   0.0435  77.0565 0001184  59.1709  31.4809  1.00270208   541
