COSMOS 2413 (712)       
1 28509U 04053B   15166.76715793  .00000074  00000-0  10000-3 0  9995
2 28509  63.1394 203.1835 0005695 182.4712 318.0087  2.13101727 81475
COSMOS 2419 (714)       
1 28915U 05050A   15166.79096062 -.00000043  00000-0  00000-0 0  9991
2 28915  65.1678  90.5734 0017540 348.0492 165.6037  2.13107299 73726
COSMOS 2425 (716)       
1 29670U 06062A   15167.44245347 -.00000069  00000-0  10000-3 0  9991
2 29670  65.7756 329.4679 0021111 351.5077   7.7469  2.13104754 65939
COSMOS 2426 (717)       
1 29671U 06062B   15166.95042527 -.00000067  00000-0  10000-3 0  9990
2 29671  65.7926 329.5579 0017253 157.5152  47.8133  2.13103017 65933
COSMOS 2424 (715)       
1 29672U 06062C   15166.51498885 -.00000066  00000-0  10000-3 0  9994
2 29672  65.7785 329.5079 0016840 156.3118 252.2711  2.13102264 65928
COSMOS 2433 (720)       
1 32275U 07052A   15166.46793726 -.00000045  00000-0  10000-3 0  9990
2 32275  65.1829  90.3477 0003762 283.1231 239.7830  2.13104887 59437
COSMOS 2432 (719)       
1 32276U 07052B   15166.57871942 -.00000045  00000-0  10000-3 0  9990
2 32276  65.1952  90.4038 0013530 335.4971 227.0774  2.13104390 59431
COSMOS 2434 (721)       
1 32393U 07065A   15166.89869269 -.00000068  00000-0  00000-0 0  9999
2 32393  65.3970 328.9833 0006073 100.2735 288.3347  2.13102887 58158
COSMOS 2436 (723)       
1 32395U 07065C   15166.77815404 -.00000068  00000-0  10000-3 0  9994
2 32395  65.4095 329.0238 0017144   1.3388  26.8017  2.13102895 58086
COSMOS 2443 (725)       
1 33379U 08046B   15166.75452554 -.00000044  00000-0  10000-3 0  9992
2 33379  65.1104  89.7904 0017220 189.2469 103.1396  2.13101465 52308
COSMOS 2456 (730)       
1 36111U 09070A   15166.78159412  .00000072  00000-0  00000+0 0  9992
2 36111  64.1962 208.6615 0005611 298.6274 167.7648  2.13103001 42816
COSMOS 2457 (733)       
1 36112U 09070B   15166.82437258  .00000071  00000-0  00000-0 0  9995
2 36112  64.1781 208.5950 0007095 180.0635  91.1689  2.13101622 42812
COSMOS 2458 (734)       
1 36113U 09070C   15166.75483140  .00000072  00000-0  10000-3 0  9994
2 36113  64.1835 208.6003 0001723 290.7359 334.1661  2.13102128 42819
COSMOS 2459 (731)       
1 36400U 10007A   15166.82686713 -.00000044  00000-0  10000-3 0  9994
2 36400  65.0891  89.5332 0030268 351.5883 315.3078  2.13102493 41160
COSMOS 2461 (735)       
1 36401U 10007B   15166.80705087 -.00000044  00000-0  10000-3 0  9999
2 36401  65.0821  89.5184 0005361  58.7053 143.5139  2.13102570 41165
COSMOS 2460 (732)       
1 36402U 10007C   15166.77787965 -.00000044  00000-0  10000-3 0  9991
2 36402  65.0720  89.5009 0001569 312.4319 269.8458  2.13102044 41163
COSMOS 2466 (738)       
1 37137U 10041A   15167.47935015 -.00000070  00000-0  10000-3 0  9993
2 37137  64.9801 329.2551 0021455 147.4721 190.3578  2.13102392 37254
COSMOS 2465 (737)       
1 37138U 10041B   15166.73344013 -.00000068  00000-0  00000+0 0  9996
2 37138  64.9982 329.3473 0034964 164.1395 143.6957  2.13102810 37236
COSMOS 2464 (736)       
1 37139U 10041C   15167.03721603 -.00000069  00000-0  00000+0 0  9996
2 37139  65.0003 329.3283 0022539  19.5264 295.8882  2.13102842 37248
COSMOS 2471 (701K)      
1 37372U 11009A   15166.58190502 -.00000045  00000-0  00000-0 0  9992
2 37372  65.0695  89.4587 0008007 242.5676 320.7151  2.13102896 33437
COSMOS 2474 (742)       
1 37829U 11055A   15166.51287654  .00000074  00000-0  00000+0 0  9998
2 37829  64.5202 208.9309 0009892 254.7823 228.5378  2.13101998 28807
COSMOS 2476 (744)       
1 37867U 11064A   15166.74582378  .00000072  00000-0  00000+0 0  9994
2 37867  64.5003 209.0139 0018497 250.4513  97.2482  2.13102145 28151
COSMOS 2477 (745)       
1 37868U 11064B   15166.64770745  .00000073  00000-0  00000+0 0  9992
2 37868  64.5085 209.0537 0016590 251.5841 200.3259  2.13101988 28111
COSMOS 2475 (743)       
1 37869U 11064C   15166.71872564  .00000072  00000-0  00000-0 0  9993
2 37869  64.5159 209.0361 0022552 276.8386 185.4203  2.13102090 28126
COSMOS 2478 (746)       
1 37938U 11071A   15166.85444005 -.00000043  00000-0  00000-0 0  9997
2 37938  65.0969  89.6564 0014042 244.8835 302.6303  2.13083812 27734
COSMOS 2485 (747)       
1 39155U 13019A   15167.15463813  .00000069  00000-0  00000+0 0  9992
2 39155  64.6692 208.8703 0018659 245.4506 101.1150  2.13102145 16635
COSMOS 2492 (754)       
1 39620U 14012A   15166.85227081 -.00000044  00000-0  10000-3 0  9993
2 39620  64.9610  89.5390 0017208 332.9154 173.6572  2.13103548  9598
COSMOS 2500 (755)       
1 40001U 14032A   15166.57146942 -.00000045  00000-0  00000+0 0  9991
2 40001  64.9003  89.6005 0005808 220.3354 295.1770  2.13103162  7790
COSMOS 2501 (702K)      
1 40315U 14075A   15166.31089681 -.00000066  00000-0  00000-0 0  9998
2 40315  64.7666 330.9224 0015783 235.0363 243.8502  2.13101374  4199
