GOES 1 [-]              
1 08366U 75100A   15166.33543499 -.00000146  00000-0  00000-0 0  9997
2 08366  13.0534 326.9907 0004981 201.6016 114.6331  1.00228397144892
GOES 2 [-]              
1 10061U 77048A   15164.67566188  .00000017  00000-0  00000-0 0  9996
2 10061  14.1021 335.7082 0012204 289.8676  86.8113  0.99398168  6301
GOES 3 [P]              
1 10953U 78062A   15166.32417789 -.00000106  00000-0  00000-0 0  9999
2 10953  14.1564 339.1853 0005578 149.3258 142.5261  1.00275561 88611
GOES 4 [-]              
1 11964U 80074A   15166.36416421  .00000039  00000-0  00000-0 0  9998
2 11964  14.8414 342.8984 0029089 356.9294 288.7684  0.99228094 87741
GOES 5 [-]              
1 12472U 81049A   15166.28571809 -.00000081  00000-0  00000-0 0  9997
2 12472  14.7394 352.9822 0005512 171.7329  89.7145  1.00206286 82650
GOES 6 [-]              
1 14050U 83041A   15164.25880164 -.00000146  00000-0  00000-0 0  9999
2 14050  14.8281 357.8253 0005619 138.2560 116.6717  1.00218651175731
GOES 7 [-]              
1 17561U 87022A   15165.85791398 -.00000138  00000-0  00000-0 0  9990
2 17561  14.9393  13.7195 0000243 164.9366 117.7943  0.99889684 86794
GOES 8 [-]              
1 23051U 94022A   15164.79079786 -.00000174  00000-0  00000-0 0  9991
2 23051  10.3593  46.3212 0004213 196.9289 310.0477  0.98907288 84359
GOES 9 [-]              
1 23581U 95025A   15165.50090302 -.00000285  00000-0  00000-0 0  9993
2 23581   9.8756  45.3512 0006777  66.6456 126.9094  0.98803173 73039
GOES 10 [-]             
1 24786U 97019A   15165.81947590 -.00000026  00000-0  00000-0 0  9993
2 24786   8.1717  49.4212 0029756 135.0329  99.6160  0.99120353 66215
GOES 11 [-]             
1 26352U 00022A   15166.11783699 -.00000256  00000-0  00000-0 0  9999
2 26352   3.4593  82.6568 0005111  60.0197 136.9574  0.99045106 55199
GOES 12 [-]             
1 26871U 01031A   15165.94960954 -.00000063  00000-0  00000-0 0  9993
2 26871   4.9765  66.1411 0005213 205.9505  65.5717  0.99135127 50871
GOES 13 [+]             
1 29155U 06018A   15167.83036859 -.00000265  00000-0  00000+0 0  9992
2 29155   0.1788 264.9562 0004214 191.0624  32.5402  1.00280744 33228
GOES 14 [S]             
1 35491U 09033A   15166.41787207 -.00000107  00000-0  00000-0 0  9991
2 35491   0.2419  97.7138 0002331  46.5877 164.9131  1.00269998 21845
GOES 15 [+]             
1 36411U 10008A   15166.27892903  .00000069  00000-0  00000-0 0  9998
2 36411   0.1679 100.9061 0000622 323.7602 164.5111  1.00285935 19372
