GORIZONT 1 [-]          
1 11158U 78118A   15165.83514424 -.00000350  00000-0  00000+0 0  9998
2 11158  17.8103 282.9014 3370207 162.2957 213.2470  1.00276387 82607
GORIZONT 2 [-]          
1 11440U 79062A   15165.96182608 -.00000244  00000-0  00000-0 0  9993
2 11440  13.7671 332.0089 0006526 191.2092 174.2200  1.00255459 97716
GORIZONT 3 [-]          
1 11648U 79105A   15166.07937444  .00000102  00000-0  00000+0 0  9991
2 11648  13.8496 333.1634 0016208 153.7796 205.7255  1.00294301 82142
GORIZONT 4 [-]          
1 11841U 80049A   15166.28392002 -.00000247  00000-0  00000-0 0  9995
2 11841  14.7569 337.3560 0004777 199.1405 174.6847  0.98631258193877
GORIZONT 5 [-]          
1 13092U 82020A   15167.19147913 -.00000019  00000-0  00000+0 0  9992
2 13092  15.3833 342.1151 0036653 144.5778  85.1027  0.98530417 81982
GORIZONT 6 [-]          
1 13624U 82103A   15167.52593633  .00000078  00000-0  00000+0 0  9990
2 13624  14.2360 341.9935 0005399 167.9942 138.7700  1.00312783 80630
GORIZONT 7 [-]          
1 14160U 83066A   15165.47135425 -.00000251  00000-0  00000-0 0  9993
2 14160  15.2808 349.4653 0012735 229.7403   1.1172  0.98349592115241
GORIZONT 8 [-]          
1 14532U 83118A   15165.59217854 -.00000054  00000-0  00000-0 0  9995
2 14532  15.3045 351.0019 0027172  88.0083  87.8001  0.98268588 81029
GORIZONT 9 [-]          
1 14940U 84041A   15165.81217382 -.00000221  00000-0  00000-0 0  9991
2 14940  14.5689 349.8166 0008673 168.2769 120.8855  1.00318691 81707
GORIZONT 10 [-]         
1 15144U 84078A   15164.43727582  .00000083  00000-0  00000+0 0  9997
2 15144  14.5732 350.8431 0004198 192.2132  77.6370  1.00218365114276
GORIZONT 11 [-]         
1 15484U 85007A   15164.72584204  .00000069  00000-0  00000-0 0  9996
2 15484  14.5820 352.5643 0003894 145.1947  45.6558  1.00208283112301
GORIZONT 12 [-]         
1 16769U 86044A   15165.99908266 -.00000269  00000-0  00000-0 0  9996
2 16769  14.7267 357.3671 0005883 176.4873 180.6956  1.00207951106940
GORIZONT 13 [-]         
1 17083U 86090A   15166.01214503 -.00000090  00000-0  00000-0 0  9997
2 17083  16.0384   2.9849 0014419 252.3571  74.0660  0.96724905 79752
GORIZONT 14 [-]         
1 17969U 87040A   15165.86800075 -.00000169  00000-0  00000+0 0  9999
2 17969  15.7825 355.5065 0032149 112.0767  65.4873  0.97659047 80585
GORIZONT 15 [-]         
1 19017U 88028A   15166.00299804 -.00000099  00000-0  00000+0 0  9993
2 19017  15.9621   6.5453 0037559  93.4285  86.6312  0.97827678 80162
GORIZONT 16 [-]         
1 19397U 88071A   15166.63041284  .00000070  00000-0  00000+0 0  9996
2 19397  14.8985   5.5797 0009838 342.6248 345.6934  0.99978601 98040
GORIZONT 17 [-]         
1 19765U 89004A   15165.78315983  .00000037  00000-0  00000-0 0  9991
2 19765  15.1323   8.4069 0021137  72.1056 161.0714  0.99063523 95749
GORIZONT 18 [-]         
1 20107U 89052A   15166.38908142 -.00000335  00000-0  00000+0 0  9999
2 20107  15.0287   9.7973 0036026 240.2012 302.4240  0.99404741 94442
GORIZONT 19 [-]         
1 20263U 89081A   15167.65902212  .00000037  00000-0  00000+0 0  9995
2 20263  14.8158   9.3365 0006453 172.9434  13.1505  1.00341068 94197
GORIZONT 20 [-]         
1 20659U 90054A   15167.62627529 -.00000030  00000-0  00000+0 0  9992
2 20659  14.9405  12.3440 0009270 132.8160  48.0126  1.00314565 91398
GORIZONT 21 [-]         
1 20923U 90094A   15165.28001157 -.00000085  00000-0  00000-0 0  9994
2 20923  14.8643  13.1979 0008090 159.7634 184.7386  1.00296101 90125
GORIZONT 22 [-]         
1 20953U 90102A   15166.40358853 -.00000327  00000-0  00000+0 0  9998
2 20953  14.7901  13.4257 0003812 206.8053 327.1611  1.00251380 90092
GORIZONT 23 [-]         
1 21533U 91046A   15165.48932308 -.00000170  00000-0  00000+0 0  9997
2 21533  15.1347  17.0445 0006618 201.9934 153.6399  0.98907628 80965
GORIZONT 24 [-]         
1 21759U 91074A   15167.88939554 -.00000033  00000-0  00000+0 0  9992
2 21759  15.0998  18.5639 0022319 157.6018 133.1234  0.98441196 85478
GORIZONT 25 [-]         
1 21922U 92017A   15167.68504937  .00000093  00000-0  00000+0 0  9998
2 21922  14.6818  18.4908 0023867  11.6035 168.7889  0.99845286 84806
GORIZONT 26 [-]         
1 22041U 92043A   15167.59243192 -.00000019  00000-0  00000+0 0  9992
2 22041  14.6561  20.0420 0034969 162.8864 190.9633  0.99240140 83605
GORIZONT 27 [-]         
1 22245U 92082A   15167.33723098 -.00000081  00000-0  00000+0 0  9990
2 22245  14.5785  20.3994 0010121 274.0973 260.4118  1.00224846 86880
GORIZONT 28 [-]         
1 22880U 93069A   15162.23418380 -.00000245  00000-0  00000-0 0  9993
2 22880  14.3180  23.7445 0033424  67.2060 235.3043  0.99657978 79029
GORIZONT 29 [-]         
1 22907U 93072A   15166.30788817 -.00000065  00000-0  00000-0 0  9994
2 22907  14.2770  23.5012 0009749 246.5281 276.6363  1.00167184 78942
GORIZONT 30 [-]         
1 23108U 94030A   15165.34763997 -.00000151  00000-0  00000-0 0  9994
2 23108  14.1821  24.5362 0005193 152.8237 196.3506  1.00265260 77153
GORIZONT 31 [-]         
1 23775U 96005A   15166.20719745 -.00000077  00000-0  00000-0 0  9993
2 23775  13.4567  29.9745 0023121 134.3601  69.1118  0.99882926 70898
GORIZONT 32 [-]         
1 23880U 96034A   15166.29637898 -.00000042  00000-0  00000+0 0  9990
2 23880  13.3446  30.6857 0008023 247.0900  94.0399  1.00204060 69774
GORIZONT 33 [-]         
1 26372U 00029A   15166.04709544  .00000114  00000-0  00000-0 0  9999
2 26372  10.9951  39.7660 0003275  94.5024 172.8129  1.00350780 55115
