LEASAT 5                
1 20410U 90002B   15167.75316341 -.00000094  00000-0  00000+0 0  9991
2 20410  11.2377  18.1007 0003058 172.9427  56.7357  1.00271917 78393
INTELSAT 701 (IS-701)   
1 22871U 93066A   15166.12084632 -.00000232  00000-0  00000+0 0  9996
2 22871   2.7819  71.1395 0004156   8.0135 197.9098  1.00270796 79087
INTELSAT 702 (IS-702)   
1 23124U 94034A   15166.00456116  .00000136  00000-0  00000-0 0  9994
2 23124   3.1339  69.5468 0001787  29.0281 198.9420  1.00271701 91064
INTELSAT 26 (IS-26)     
1 24732U 97007A   15164.79229958 -.00000024  00000-0  00000-0 0  9996
2 24732   6.2586  55.8443 0004619   5.9905 190.9481  1.00271699 66991
GALAXY 25 (G-25)        
1 24812U 97026A   15167.27630781 -.00000178  00000-0  00000+0 0  9991
2 24812   0.0225  51.3147 0002820   8.2478 211.0358  1.00271191 66059
INTELSAT 5 (IS-5)       
1 24916U 97046A   15166.58773927 -.00000157  00000-0  00000-0 0  9999
2 24916   2.1060  74.8455 0005723   0.0865 197.1796  1.00271027 65328
INTELSAT 805 (IS-805)   
1 25371U 98037A   15166.18807402 -.00000301  00000-0  10000-3 0  9993
2 25371   0.0159 278.5163 0002337 174.6976 182.1199  1.00270125 62256
INTELSAT 7 (IS-7)       
1 25473U 98052A   15166.30261293 -.00000160  00000-0  00000+0 0  9997
2 25473   1.6894  77.8770 0002808  45.9077 230.2098  1.00272064 61336
AFRISTAR                
1 25515U 98063A   15166.08347148  .00000110  00000-0  00000+0 0  9999
2 25515   1.8784  71.0399 0004390   9.3476 233.6794  1.00273088 60854
INTELSAT 8 (IS-8)       
1 25522U 98065A   15166.59336235 -.00000047  00000-0  00000-0 0  9991
2 25522   0.0278 267.3562 0002831 183.2031 195.5901  1.00272459 60835
GALAXY 27 (G-27)        
1 25922U 99052A   15165.99569138 -.00000021  00000-0  00000-0 0  9997
2 25922   1.7664  76.7652 0009302  17.8610 232.9736  1.00272259 57570
GALAXY 11 (G-11)        
1 26038U 99071A   15167.20124514 -.00000301  00000-0  10000-3 0  9993
2 26038   0.0693 254.5252 0002208 318.2948  68.1304  1.00270825 56807
SIRIUS-1                
1 26390U 00035A   15162.12139279  .00000001  00000-0  00000+0 0  9997
2 26390  59.8147 236.5448 2677816 269.9037  61.0768  1.00279286 54744
INTELSAT 9 (IS-9)       
1 26451U 00043A   15166.28322633 -.00000286  00000-0  00000-0 0  9990
2 26451   2.0904  75.1736 0002912 357.2825 249.6397  1.00271236  3836
SIRIUS-2                
1 26483U 00051A   15166.26476957 -.00000014  00000-0  00000+0 0  9999
2 26483  64.3694 116.2590 2694882 269.8082 236.2489  1.00272484 54129
INTELSAT 12 (IS-12)     
1 26590U 00068A   15166.86597021  .00000121  00000-0  00000+0 0  9996
2 26590   0.0117 295.5533 0002856 151.3285 173.6610  1.00271704 53500
INTELSAT 1R (IS-1R)     
1 26608U 00072A   15165.51471374 -.00000297  00000-0  00000-0 0  9990
2 26608   0.0344 237.3690 0000458 344.7580 175.6493  1.00270811 53365
SIRIUS-3                
1 26626U 00077A   15166.12143024 -.00000155  00000-0  00000+0 0  9993
2 26626  64.5003 356.0738 2661137 270.1050 304.8488  1.00278507 53255
XM-1 (ROLL)             
1 26761U 01018A   15167.12345850 -.00000038  00000-0  10000-3 0  9996
2 26761   0.1381 240.9520 0003763   6.2883 305.9955  1.00270325 51726
INTELSAT 10 (IS-10)     
1 26766U 01019A   15167.67492906  .00000110  00000-0  00000+0 0  9992
2 26766   0.0125  79.9574 0002851  27.6993  87.4434  1.00274247 51632
INTELSAT 901 (IS-901)   
1 26824U 01024A   15167.27928933 -.00000157  00000-0  00000+0 0  9995
2 26824   0.0209  12.0187 0002561  74.9096 259.8228  1.00271142 51328
INTELSAT 902 (IS-902)   
1 26900U 01039A   15166.03086325  .00000017  00000-0  00000+0 0  9993
2 26900   0.0043 341.5017 0002905 102.0843 252.5134  1.00272449 50467
DIRECTV 4S              
1 26985U 01052A   15167.70198811 -.00000129  00000-0  00000+0 0  9995
2 26985   0.0267  38.1071 0000974  47.8883 330.1803  1.00271355 49707
INTELSAT 904 (IS-904)   
1 27380U 02007A   15166.06729821  .00000033  00000-0  00000-0 0  9999
2 27380   0.0244  40.7857 0003039  42.2449 264.2216  1.00272233 11457
INTELSAT 903 (IS-903)   
1 27403U 02016A   15166.28343978 -.00000254  00000-0  00000-0 0  9990
2 27403   0.0288  32.8523 0003249  46.6234 251.2955  1.00270667 48350
DIRECTV 5 (TEMPO 1)     
1 27426U 02023A   15166.20900346 -.00000071  00000-0  00000-0 0  9990
2 27426   0.0116  81.0535 0003262  12.3179 134.9290  1.00271303 48017
INTELSAT 905 (IS-905)   
1 27438U 02027A   15166.28369134 -.00000200  00000-0  00000-0 0  9993
2 27438   0.0045 318.5990 0002591 103.8644 278.4144  1.00271822 47670
GALAXY 3C (G-3C)        
1 27445U 02030A   15166.36742062 -.00000168  00000-0  00000+0 0  9991
2 27445   0.0284  54.2549 0001082 150.8804  95.4264  1.00277868 47644
INTELSAT 906 (IS-906)   
1 27513U 02041A   15167.06423450 -.00000001  00000-0  00000+0 0  9990
2 27513   0.0172   3.8366 0003145  84.1864 263.2680  1.00271038 46694
INTELSAT 907 (IS-907)   
1 27683U 03007A   15166.28361510 -.00000218  00000-0  00000+0 0  9992
2 27683   0.0175  32.8041 0002671  67.1603 237.8707  1.00271154 45080
GALAXY 12 (G-12)        
1 27715U 03013B   15166.19991041  .00000044  00000-0  00000-0 0  9990
2 27715   0.0315 269.5319 0004207 212.3474  84.2133  1.00263282 44692
GALAXY 23 (G-23)        
1 27854U 03034A   15167.39695515 -.00000003  00000-0  00000+0 0  9992
2 27854   0.0035 355.5538 0003002  89.7745 200.9390  1.00271301 43336
GALAXY 13 (HORIZONS-1)  
1 27954U 03044A   15166.50479649  .00000032  00000-0  00000-0 0  9996
2 27954   0.0003 346.8223 0000824 127.8958 203.4535  1.00273081 42868
DIRECTV 7S              
1 28238U 04016A   15167.65388809 -.00000015  00000-0  00000+0 0  9997
2 28238   0.0222 348.6392 0002884 101.9600 290.3322  1.00273808 40784
INTELSAT 10-02          
1 28358U 04022A   15166.28424020 -.00000026  00000-0  00000-0 0  9994
2 28358   0.0010  80.7036 0002869  61.6109 222.2711  1.00272981 40349
XM-3 (RHYTHM)           
1 28626U 05008A   15166.28211338 -.00000221  00000-0  00000+0 0  9999
2 28626   0.0443 170.8746 0000494 226.7051 242.1258  1.00271282 37759
SPACEWAY 1              
1 28644U 05015A   15167.60325315 -.00000119  00000-0  00000+0 0  9991
2 28644   0.0430 167.4906 0000397 314.5562 256.7423  1.00278177 37227
DIRECTV 8               
1 28659U 05019A   15166.33453296 -.00000131  00000-0  00000-0 0  9995
2 28659   0.0145 345.2174 0003148  96.5475 201.1076  1.00270339 36832
GALAXY 28 (G-28)        
1 28702U 05022A   15164.98331190 -.00000200  00000-0  00000-0 0  9992
2 28702   0.0099 343.9086 0000306  22.9242 160.1095  1.00270449 36538
GALAXY 14 (G-14)        
1 28790U 05030A   15166.42799811  .00000021  00000-0  00000-0 0  9997
2 28790   0.0205 335.5115 0002525 106.7592 210.1858  1.00271535 36000
GALAXY 15 (G-15)        
1 28884U 05041A   15166.50655059  .00000063  00000-0  00000-0 0  9993
2 28884   0.0244 298.7004 0000837 162.2962 211.8298  1.00273411 35321
SPACEWAY 2              
1 28903U 05046B   15166.42723221 -.00000143  00000-0  00000+0 0  9997
2 28903   0.0148 205.5583 0000585 241.8967 230.6695  1.00277090 35184
GALAXY 16 (G-16)        
1 29236U 06023A   15167.75497887 -.00000143  00000-0  00000+0 0  9996
2 29236   0.0044  78.1259 0003501   9.8986 349.4583  1.00272204 32978
DIRECTV 9S              
1 29494U 06043A   15167.70629067 -.00000130  00000-0  00000+0 0  9992
2 29494   0.0084 105.2825 0003140 340.8314 331.6922  1.00271876 31817
XM-4 (BLUES)            
1 29520U 06049A   15166.49261618 -.00000039  00000-0  00000+0 0  9995
2 29520   0.0250  99.4201 0000212 299.2925 286.8358  1.00272548 31682
GALAXY 17 (G-17)        
1 31307U 07016B   15167.78303788 -.00000190  00000-0  00000+0 0  9992
2 31307   0.0152 337.9278 0002731 109.5628   8.1175  1.00272280 29787
DIRECTV 10              
1 31862U 07032A   15167.60325331 -.00000118  00000-0  00000+0 0  9995
2 31862   0.0048 283.7151 0000155 110.2959 344.8989  1.00266936 29110
SPACEWAY 3              
1 32018U 07036A   15166.36741916 -.00000168  00000-0  00000+0 0  9991
2 32018   0.0437 169.7261 0000703 268.3638 222.5576  1.00278569 28814
INTELSAT 11 (IS-11)     
1 32253U 07044B   15166.28322633 -.00000284  00000-0  00000+0 0  9992
2 32253   0.0106 325.0141 0002811 122.2944 234.8984  1.00271105 28214
HORIZONS-2              
1 32388U 07063B   15165.99891495 -.00000199  00000-0  00000-0 0  9992
2 32388   0.0175  28.2258 0002997  54.7907 264.4119  1.00272116 27551
DIRECTV 11              
1 32729U 08013A   15166.23854186 -.00000141  00000-0  00000-0 0  9998
2 32729   0.0067 149.9652 0000451 234.4615 225.4664  1.00272930  5300
GALAXY 18 (G-18)        
1 32951U 08024A   15165.62632042  .00000010  00000-0  00000+0 0  9997
2 32951   0.0172  51.9724 0003069  43.0253 270.0553  1.00272021 25795
INTELSAT 25 (IS-25)     
1 33153U 08034A   15166.12295282 -.00000239  00000-0  00000-0 0  9995
2 33153   0.0089 342.7997 0002406  92.5606 200.4659  1.00271194 25362
GALAXY 19 (G-19)        
1 33376U 08045A   15167.41965670 -.00000155  00000-0  00000+0 0  9998
2 33376   0.0330  56.1092 0002995  39.1996 223.1374  1.00269089 24569
SIRIUS FM-5             
1 35493U 09034A   15166.53873757 -.00000161  00000-0  00000-0 0  9993
2 35493   0.0145 303.6959 0000777 345.8826  71.8419  1.00271422 21695
INTELSAT 14 (IS-14)     
1 36097U 09064A   15166.28318060 -.00000289  00000-0  00000-0 0  9991
2 36097   0.0397  44.7921 0002572  60.8533 214.5798  1.00265304 20418
INTELSAT 15 (IS-15)     
1 36106U 09067A   15165.99892257 -.00000201  00000-0  00000-0 0  9991
2 36106   0.0156  45.2240 0002437  57.0721 245.4278  1.00271446 20284
DIRECTV 12              
1 36131U 09075A   15166.33896134 -.00000119  00000-0  00000-0 0  9993
2 36131   0.0393 165.8632 0000122 312.1059 164.5851  1.00272306  6285
INTELSAT 16 (IS-16)     
1 36397U 10006A   15166.28228109 -.00000249  00000-0  00000-0 0  9992
2 36397   0.0294  30.9185 0002175  64.5008 190.4482  1.00271704 19469
XM-5                    
1 37185U 10053A   15166.25141838 -.00000223  00000-0  00000+0 0  9991
2 37185   0.0259 307.4078 0002004  76.9944 244.1136  1.00289961 17135
INTELSAT 17 (IS-17)     
1 37238U 10065B   15167.06428023 -.00000018  00000-0  00000+0 0  9999
2 37238   0.0107  94.4068 0002914 355.6123 263.1308  1.00272760 16640
INTELSAT NEW DAWN       
1 37392U 11016A   15165.18031248  .00000140  00000-0  00000-0 0  9993
2 37392   0.0202  24.5493 0000947 124.4074 211.0490  1.00272249 12983
INTELSAT 18 (IS-18)     
1 37834U 11056A   15166.52891485  .00000036  00000-0  00000+0 0  9997
2 37834   0.0165  34.3302 0001482  53.1916 186.3463  1.00270332 13579
INTELSAT 22 (IS-22)     
1 38098U 12011A   15166.03169565 -.00000075  00000-0  00000-0 0  9990
2 38098   0.0280  15.7979 0002064  81.3994 249.2912  1.00271745 11743
INTELSAT 19 (IS-19)     
1 38356U 12030A   15166.59638037 -.00000073  00000-0  00000-0 0  9992
2 38356   0.0145 358.0713 0002874  89.8679 196.2965  1.00271709 11201
INTELSAT 20 (IS-20)     
1 38740U 12043A   15167.84998601 -.00000040  00000-0  00000+0 0  9991
2 38740   0.0175 299.9174 0000554 349.4284 349.9241  1.00271919 10537
INTELSAT 21 (IS-21)     
1 38749U 12045A   15166.19048144 -.00000300  00000-0  00000-0 0  9997
2 38749   0.0205  23.2520 0002402  77.7843 172.6688  1.00270096 10338
INTELSAT 23 (IS-23)     
1 38867U 12057A   15167.19823581 -.00000301  00000-0  00000+0 0  9998
2 38867   0.0014 125.6220 0001507  14.4093 142.4459  1.00269971  9813
SIRIUS FM-6             
1 39360U 13058A   15167.58696271 -.00000033  00000-0  00000+0 0  9998
2 39360   0.0062   0.0396 0000857 270.5606  89.0720  1.00272130  6047
INTELSAT 30 (IS-30)     
1 40271U 14062A   15165.53488835 -.00000168  00000-0  00000+0 0  9994
2 40271   0.0113 355.0331 0001954  36.9535 328.0197  1.00285212  2464
