MTI                     
1 26102U 00014A   15167.84083105  .00012519  00000-0  35901-3 0  9994
2 26102  97.4869 303.8175 0011678  32.4376 121.2276 15.35961981841801
CFESAT                  
1 30777U 07006F   15166.08420128  .00011519  00000-0  47262-3 0  9992
2 30777  35.4280  30.2772 0003483 245.0846 114.9515 15.23495290455815
NFIRE                   
1 31140U 07014A   15167.85118014  .00012890  00000-0  26531-3 0  9999
2 31140  48.2173  93.6998 0013186 198.1696 203.6350 15.46094769461820
SPIRALE A               
1 33751U 09008C   15166.31627543  .00001520  00000-0  67881-3 0  9997
2 33751   1.9769 165.3550 5606948  72.9602  18.1835  4.58207205 77296
SPIRALE B               
1 33752U 09008D   15165.90489816  .00006239  00000-0  15084-2 0  9990
2 33752   2.1551   6.0854 7015811  22.7695 357.2651  2.62057362 55342
SAPPHIRE                
1 39088U 13009C   15166.17202896  .00000125  00000-0  60677-4 0  9993
2 39088  98.6059   3.7235 0010454 309.2390  50.7866 14.34045177120301
