COSMOS 2361 [-]         
1 25590U 98076A   15166.36911963  .00000037  00000-0  23222-4 0  9993
2 25590  82.9346 297.5500 0032844 120.1465 269.8616 13.72889576825125
COSMOS 2378 [-]         
1 26818U 01023A   15166.98558411  .00000047  00000-0  33972-4 0  9990
2 26818  82.9267 319.8551 0034723  77.1766 283.3264 13.73880062702999
COSMOS 2389 [-]         
1 27436U 02026A   15167.80128941  .00000053  00000-0  39521-4 0  9997
2 27436  82.9520 262.2734 0045271 312.4360 175.4478 13.74879607654962
COSMOS 2398 [-]         
1 27818U 03023A   15166.69703053  .00000025  00000-0  11025-4 0  9996
2 27818  82.9470 216.4141 0030495 319.1105  40.7768 13.72108284602486
COSMOS 2407 [+]         
1 28380U 04028A   15166.97897382  .00000061  00000-0  47161-4 0  9997
2 28380  82.9589 170.3035 0038824 333.0181  26.8961 13.76004254547298
COSMOS 2414 [+]         
1 28521U 05002A   15167.58436110  .00000054  00000-0  32534-4 0  9993
2 28521  82.9484 201.8256 0038537 264.5911  95.0855 13.87544738526828
COSMOS 2429 [-]         
1 32052U 07038A   15167.83212531 -.00000041  00000-0 -58918-4 0  9997
2 32052  82.9798 286.5154 0037015 295.3530  64.3760 13.74850344389545
COSMOS 2454 [-]         
1 35635U 09039A   15166.68227635  .00000028  00000-0  10368-4 0  9993
2 35635  82.9543 193.6269 0017708 235.1128 124.8366 13.89570081299323
COSMOS 2463 [+]         
1 36519U 10017A   15166.94360330  .00000100  00000-0  93293-4 0  9991
2 36519  82.9573 321.9038 0037723 118.7363 241.7589 13.71380911257102
