SIRIUS-1                
1 26390U 00035A   15162.12139279  .00000001  00000-0  00000+0 0  9997
2 26390  59.8147 236.5448 2677816 269.9037  61.0768  1.00279286 54744
SIRIUS-2                
1 26483U 00051A   15166.26476957 -.00000014  00000-0  00000+0 0  9999
2 26483  64.3694 116.2590 2694882 269.8082 236.2489  1.00272484 54129
SIRIUS-3                
1 26626U 00077A   15166.12143024 -.00000155  00000-0  00000+0 0  9993
2 26626  64.5003 356.0738 2661137 270.1050 304.8488  1.00278507 53255
XM-1 (ROLL)             
1 26761U 01018A   15167.12345850 -.00000038  00000-0  10000-3 0  9996
2 26761   0.1381 240.9520 0003763   6.2883 305.9955  1.00270325 51726
XM-3 (RHYTHM)           
1 28626U 05008A   15166.28211338 -.00000221  00000-0  00000+0 0  9999
2 28626   0.0443 170.8746 0000494 226.7051 242.1258  1.00271282 37759
XM-4 (BLUES)            
1 29520U 06049A   15166.49261618 -.00000039  00000-0  00000+0 0  9995
2 29520   0.0250  99.4201 0000212 299.2925 286.8358  1.00272548 31682
O3B FM5                 
1 39188U 13031A   15166.69522548 -.00000029  00000-0  00000-0 0  9999
2 39188   0.0317   0.6136 0003171  64.1526 295.2653  5.00116326 36076
O3B FM4                 
1 39189U 13031B   15166.69377629 -.00000029  00000-0  00000-0 0  9998
2 39189   0.0517 352.6273 0001435 282.5901  84.7648  5.00116159 36029
O3B FM2                 
1 39190U 13031C   15167.39363200 -.00000030  00000-0  00000+0 0  9999
2 39190   0.0564 355.1676 0002271 270.9817  93.8229  5.00116802 36058
O3B PFM                 
1 39191U 13031D   15166.19551127 -.00000028  00000-0  00000-0 0  9992
2 39191   0.0350  11.7575 0002792  51.9775 296.2924  5.00116830 36000
O3B FM3                 
1 40079U 14038A   15166.70673677 -.00000029  00000-0  00000+0 0  9999
2 40079   0.0443 359.0733 0004936  80.8309 280.1499  5.00116111 17011
O3B FM7                 
1 40080U 14038B   15166.46224993 -.00000029  00000-0  00000-0 0  9998
2 40080   0.0458 356.9635 0003193  82.7318 280.3394  5.00115806 17028
O3B FM6                 
1 40081U 14038C   15166.28451422 -.00000029  00000-0  00000-0 0  9998
2 40081   0.0448 356.7564 0003721  82.4509 280.8329  5.00116313 17019
O3B FM8                 
1 40082U 14038D   15166.32899004 -.00000029  00000-0  00000-0 0  9996
2 40082   0.0475 354.1063 0002947  60.8210 305.0988  5.00115792 16991
O3B FM10                
1 40348U 14083A   15166.75114445 -.00000029  00000-0  00000-0 0  9997
2 40348   0.0394   5.8631 0002708  99.0087 255.1552  5.00115799  8976
O3B FM11                
1 40349U 14083B   15166.37346842 -.00000029  00000-0  00000-0 0  9994
2 40349   0.0372   4.2951 0002298  88.3575 267.3724  5.00116184  8951
O3B FM12                
1 40350U 14083C   15166.44039742 -.00000029  00000-0  00000-0 0  9992
2 40350   0.0381   1.0195 0002351  80.5596 278.4446  5.00116136  8956
O3B FM9                 
1 40351U 14083D   15166.41797576 -.00000029  00000-0  00000-0 0  9996
2 40351   0.0373   5.3639 0002510  92.5802 262.0829  5.00116149  8956
