RADUGA 1 [-]            
1 08513U 75123A   15165.99892257 -.00000222  00000-0  00000-0 0  9991
2 08513  11.6267 320.5726 0009973 160.9169 226.6894  1.00277863154503
RADUGA 2 [-]            
1 09416U 76092A   15167.74969119 -.00000102  00000-0  00000+0 0  9993
2 09416  12.2043 322.5022 0025703 269.1323  16.6863  1.00246070 89044
RADUGA 3 [-]            
1 10159U 77071A   15167.83969834 -.00000363  00000-0  00000+0 0  9990
2 10159  12.7107 324.8009 0012756 173.6464 175.7115  1.00226965136754
RADUGA 4 [-]            
1 10987U 78073A   15166.08205815  .00000109  00000-0  00000+0 0  9997
2 10987  13.1835 327.6697 0009971 256.2501 108.0624  1.00249644 79271
RADUGA 5 [-]            
1 11343U 79035A   15166.06739730 -.00000034  00000-0  00000-0 0  9998
2 11343  13.5121 329.8809 0006741 140.2561 242.0340  1.00280369 89048
RADUGA 6 [-]            
1 11708U 80016A   15166.02661549  .00000101  00000-0  00000-0 0  9996
2 11708  13.7150 332.2877 0006177 180.4541 161.4492  1.00280727 81847
RADUGA 7 [-]            
1 12003U 80081A   15166.28326446 -.00000304  00000-0  00000-0 0  9995
2 12003  13.7901 333.8661 0013073 199.5883 149.8252  1.00222001 83107
RADUGA 8 [-]            
1 12351U 81027A   15166.42745869 -.00000180  00000-0  00000-0 0  9994
2 12351  14.0704 334.7456 0089678 154.8047  82.5754  1.00345949 82195
RADUGA 9 [-]            
1 12618U 81069A   15167.55262015  .00000049  00000-0  00000+0 0  9990
2 12618  14.1341 336.7742 0003747 148.6564  30.2311  1.00339894 88037
RADUGA 10 [-]           
1 12897U 81102A   15165.98932159 -.00000045  00000-0  00000+0 0  9992
2 12897  14.1634 337.4951 0007887 146.2933 201.6975  1.00259527 77081
RADUGA 11 [-]           
1 13669U 82113A   15166.42781942 -.00000074  00000-0  00000-0 0  9998
2 13669  15.3719 347.9835 0043961 182.9797 142.6915  0.97707462 82255
RADUGA 12 [-]           
1 13974U 83028A   15165.99887684 -.00000204  00000-0  00000+0 0  9998
2 13974  14.6343 345.6848 0003017 163.6366 196.6463  1.00259830129068
RADUGA 13 [-]           
1 14307U 83088A   15164.15627602 -.00000098  00000-0  00000-0 0  9996
2 14307  15.4552 349.7958 0012578 326.2240 286.7145  0.98173381 79454
RADUGA 14 [-]           
1 14725U 84016A   15166.06738205 -.00000026  00000-0  00000-0 0  9997
2 14725  14.5612 348.6516 0004741 130.8153 231.3183  1.00276548 77794
RADUGA 15 [-]           
1 15057U 84063A   15166.16432166  .00000079  00000-0  00000+0 0  9992
2 15057  14.5956 349.6409 0005681 131.7612 222.9267  1.00237829100773
RADUGA 16 [-]           
1 15946U 85070A   15164.62598913  .00000086  00000-0  00000-0 0  9999
2 15946  14.6670 353.7806 0004542 167.3521 167.6637  1.00330773 81899
RADUGA 17 [-]           
1 16250U 85107A   15166.23434718 -.00000305  00000-0  00000-0 0  9995
2 16250  14.6747 354.8964 0014255 128.1824 158.0696  1.00144535111536
RADUGA 18 [-]           
1 16497U 86007A   15166.28411060 -.00000237  00000-0  00000-0 0  9992
2 16497  15.2876 357.0597 0074936  97.1414 265.7118  0.98814740106197
RADUGA 19 [-]           
1 17046U 86082A   15166.80513029 -.00000067  00000-0  00000+0 0  9992
2 17046  15.3590   0.4474 0012666 100.6104 133.8468  0.98459700103374
RADUGA 20 [-]           
1 17611U 87028A   15165.42021021 -.00000162  00000-0  00000+0 0  9990
2 17611  17.0592   3.9776 0027901  78.4037 289.8560  0.95962915 99712
RADUGA 21 [-]           
1 18631U 87100A   15166.23298611 -.00000286  00000-0  00000+0 0  9992
2 18631  15.2476   2.6535 0004308 141.2374 128.8352  1.00202518100777
RADUGA 22 [-]           
1 19596U 88095A   15165.86775374 -.00000372  00000-0  00000-0 0  9998
2 19596  14.8374   6.1426 0006683 108.2310 205.1583  1.00366143 81339
RADUGA 23 [-]           
1 19928U 89030A   15165.80562769 -.00000219  00000-0  00000-0 0  9993
2 19928  14.8010   7.7964 0022379 100.8168 166.6979  1.00363988 94538
RADUGA-1 1 [-]          
1 20083U 89048A   15161.64830566 -.00000256  00000-0  00000+0 0  9997
2 20083  15.2779  10.2949 0018686  55.6378 200.3746  0.98709809 91534
RADUGA 24 [-]           
1 20367U 89098A   15165.01466164 -.00000325  00000-0  00000+0 0  9998
2 20367  15.1120  10.4975 0004717 158.8719 196.8463  1.00233290 92721
RADUGA 25 [-]           
1 20499U 90016A   15166.35899215 -.00000193  00000-0  00000-0 0  9995
2 20499  14.8281  10.8377 0004202 134.4416 154.6239  1.00167984 92598
RADUGA 26 [-]           
1 21016U 90112A   15166.01214503 -.00000018  00000-0  00000+0 0  9997
2 21016  14.7978  13.9573 0003050  59.0494 257.8818  1.00230881 89936
RADUGA-1 2 [-]          
1 21038U 90116A   15167.61972428 -.00000175  00000-0  00000+0 0  9993
2 21038  14.8266  14.0637 0004761  63.9492 130.9514  1.00216750 89614
RADUGA 27 [-]           
1 21132U 91014A   15166.43100560 -.00000373  00000-0  00000-0 0  9996
2 21132  15.3397  14.4781 0003013 110.8420  62.4317  1.00271623 89009
RADUGA 28 [-]           
1 21821U 91087A   15166.08403015 -.00000032  00000-0  00000-0 0  9995
2 21821  14.7434  17.4367 0006779  87.6319 254.5232  1.00184728 86008
RADUGA 29 [-]           
1 22557U 93013A   15166.14633324  .00000073  00000-0  00000+0 0  9991
2 22557  14.4922  21.5920 0004437  83.3735 231.2691  1.00226339 81370
RADUGA 30 [-]           
1 22836U 93062A   15167.61644546 -.00000131  00000-0  00000+0 0  9992
2 22836  14.3334  23.3322 0004871 179.1473 359.1910  1.00286855 79478
RADUGA-1 3 [-]          
1 22981U 94008A   15165.64038013 -.00000207  00000-0  00000-0 0  9996
2 22981  14.2813  24.5892 0003625 116.4918  74.2943  1.00328681 78169
RADUGA 31 [-]           
1 23010U 94012A   15165.94343551  .00000093  00000-0  00000-0 0  9996
2 23010  14.2503  24.5427 0003027  88.0956 174.1612  1.00261841 78038
RADUGA 32 [-]           
1 23448U 94087A   15165.96500756 -.00000122  00000-0  00000-0 0  9991
2 23448  13.9495  27.0606 0009295 155.0597 142.5268  1.00284668 92567
RADUGA-1 4 [-]          
1 25642U 99010A   15164.79154130  .00000112  00000-0  00000-0 0  9999
2 25642  13.2336  39.7582 0005358 149.1330  35.2799  1.00299494 59620
RADUGA-1 5 [-]          
1 26477U 00049A   15166.02951981  .00000004  00000-0  00000+0 0  9996
2 26477  10.8651  41.0456 0002212  88.6642 206.5472  1.00210450 54176
RADUGA-1 6 [-]          
1 26936U 01045A   15164.79095031 -.00000159  00000-0  00000-0 0  9993
2 26936  10.3945  46.0647 0018922 103.8408  49.7539  0.97745524 49297
RADUGA-1 7 [-]          
1 28194U 04010A   15164.79105704  .00000087  00000-0  00000-0 0  9994
2 28194   8.5560  53.6443 0004325 114.4007  36.3547  1.00290337 41082
RADUGA-1M 1 [-]         
1 32373U 07058A   15166.35725866 -.00000273  00000-0  00000-0 0  9992
2 32373   1.6135  76.1305 0001666  22.3637 263.9742  0.99400686 12435
RADUGA-1 8 [+]          
1 34264U 09010A   15166.50336046 -.00000159  00000-0  10000-3 0  9995
2 34264   4.2989  76.2344 0008916 300.8822 341.5422  0.99818326 23031
RADUGA-1M 2 [+]         
1 36358U 10002A   15165.99891495 -.00000200  00000-0  00000-0 0  9993
2 36358   0.0034 356.1810 0002328 117.9571 233.4382  1.00272207  9807
RADUGA-1M 3 [+]         
1 39375U 13062A   15167.06437171 -.00000055  00000-0  00000+0 0  9998
2 39375   0.0296  54.3183 0002275  56.0507 246.8159  1.00272459  5829
