SCD 1                   
1 22490U 93009B   15147.54289285  .00000298  00000-0  32502-4 0  9994
2 22490  24.9699 252.1441 0043011 321.3980 139.3838 14.44339125176816
TRMM                    
1 25063U 97074A   15148.27002225  .00335961  47820-4  58371-3 0  9991
2 25063  34.9459 336.7355 0008138 334.9562 208.2583 16.01092375998880
TECHSAT 1B (GO-32)      
1 25397U 98043D   15147.86142205  .00000025  00000-0  29583-4 0  9994
2 25397  98.5181  98.9422 0002154  56.1507   1.3296 14.23545827876902
SCD 2                   
1 25504U 98060A   15147.25792012  .00000290  00000-0  31442-4 0  9994
2 25504  24.9952  92.3705 0017214   4.1580 146.9091 14.43877769876140
LANDSAT 7               
1 25682U 99020A   15148.63437279 -.00002201  00000-0 -47878-3 0  9997
2 25682  98.2165 218.8105 0001154  90.7747 269.3556 14.57097664857292
DLR-TUBSAT              
1 25757U 99029B   15148.23036605  .00000020  00000-0  16629-4 0  9999
2 25757  98.4557  47.1644 0015910  75.0062 285.2890 14.51273790847549
QUIKSCAT                
1 25789U 99034A   15148.57047377  .00000027  00000-0  28734-4 0  9992
2 25789  98.6122 337.8180 0001989  82.1055 278.0351 14.27204414830117
IKONOS 2                
1 25919U 99051A   15148.50732344  .00000914  00000-0  11031-3 0  9990
2 25919  98.0797 224.9999 0009318  91.4913 268.7374 14.86266417838001
TERRA                   
1 25994U 99068A   15148.51004510 -.00000174  00000-0 -28640-4 0  9994
2 25994  98.2117 223.3434 0001427 110.2528 249.8805 14.57108391821357
EO-1                    
1 26619U 00075A   15148.51833584  .00000776  00000-0  15658-3 0  9990
2 26619  97.9293 198.4569 0008838 330.9257  29.1455 14.64015280773681
EROS A1                 
1 26631U 00079A   15148.59035023  .00022783  00000-0  58376-3 0  9994
2 26631  97.5504 238.1153 0006667 112.6108 354.7112 15.39366735803515
BADR-B                  
1 27003U 01056C   15148.05539869 -.00000009  00000-0  38118-4 0  9993
2 27003  99.2407 302.7827 0021027 128.0912 348.6371 13.70202251673235
MAROC-TUBSAT            
1 27004U 01056D   15148.44639190 -.00000019  00000-0  26794-4 0  9993
2 27004  99.2457 302.4890 0020603 129.0227 295.8972 13.70104505673241
SPOT 5                  
1 27421U 02021A   15148.75562727 -.00000004  00000-0  00000+0 0  9995
2 27421  98.5148 205.0782 0001361  96.3421 263.8391 14.20883875677371
AQUA                    
1 27424U 02022A   15148.56297111  .00000365  00000-0  91146-4 0  9995
2 27424  98.1945  89.8179 0000721  46.0822 129.6226 14.57096588694966
IRS-P6 (RESOURCESAT-1)  
1 28051U 03046A   15148.52222206 -.00000051  00000-0 -31969-5 0  9990
2 28051  98.6905 227.1721 0003686   2.2460 357.8741 14.21630569602622
TANSUO 1 (TS 1)         
1 28220U 04012A   15147.82065010  .00000992  00000-0  90367-4 0  9990
2 28220  97.5951 107.7539 0011279 144.9966 271.9479 14.97295074603919
FORMOSAT-2 (ROCSAT 2)   
1 28254U 04018A   15148.57644183 -.00000028  00000-0  10666-4 0  9995
2 28254  98.9926 213.9518 0002725  96.3656   9.5723 14.00775142563513
AURA                    
1 28376U 04026A   15148.74113667  .00000177  00000-0  39205-4 0  9990
2 28376  98.1913  92.1661 0001381  67.9649 292.2184 14.57141002578191
IRS-P5 (CARTOSAT-1)     
1 28649U 05017A   15148.61250053  .00000474  00000-0  63981-4 0  9999
2 28649  97.7954 220.3160 0001342  33.3197 326.8115 14.83485090544700
SINAH 1                 
1 28893U 05043D   15147.55509188  .00000227  00000-0  54872-4 0  9992
2 28893  97.8209 333.8501 0015527   9.9836  57.3567 14.61134338510682
EROS B                  
1 29079U 06014A   15148.60220282  .00005466  00000-0  28836-3 0  9990
2 29079  97.4610 266.6407 0010998 125.4462 348.8189 15.15910852504072
RESURS-DK 1             
1 29228U 06021A   15148.58390781  .00000285  00000-0  29443-4 0  9993
2 29228  69.9374 206.9052 0002553  12.4052  94.8228 15.01496527495401
ARIRANG-2 (KOMPSAT-2)   
1 29268U 06031A   15148.52508638  .00000209  00000-0  51205-4 0  9991
2 29268  98.1619  48.5233 0017816 194.5804 165.4890 14.61899624471300
LAPAN-TUBSAT            
1 29709U 07001A   15148.63420119  .00000245  00000-0  37326-4 0  9996
2 29709  97.6265 144.5001 0013932  35.9739 324.2400 14.81753915452823
CARTOSAT-2 (IRS-P7)     
1 29710U 07001B   15148.52947959  .00000296  00000-0  47302-4 0  9993
2 29710  97.8921 207.7938 0002379  70.6716 289.4757 14.78704999452260
HAIYANG-1B              
1 31113U 07010A   15148.51939854  .00000165  00000-0  81261-4 0  9994
2 31113  98.6743 200.0991 0014949 152.8872 207.3094 14.29756418424180
COSMO-SKYMED 1          
1 31598U 07023A   15148.52583064 -.00003801  00000-0 -47142-3 0  9995
2 31598  97.8839 332.7643 0001434  96.6116 263.5275 14.82137326431253
TERRASAR-X              
1 31698U 07026A   15148.13704600  .00001117  00000-0  56384-4 0  9992
2 31698  97.4463 155.5101 0001676  90.3249 269.8177 15.19153263440854
WORLDVIEW-1 (WV-1)      
1 32060U 07041A   15148.59857802  .00003418  00000-0  14130-3 0  9994
2 32060  97.8590 242.5641 0005290 110.3989   2.1123 15.24720634427907
YAOGAN 3                
1 32289U 07055A   15148.52218530  .00000038  00000-0  11773-4 0  9990
2 32289  97.9634 142.9331 0001391 107.7501 252.3841 14.80458129407651
COSMO-SKYMED 2          
1 32376U 07059A   15148.55958071  .00000483  00000-0  67194-4 0  9997
2 32376  97.8840 332.7952 0001457  90.7836 269.3554 14.82159242404000
RADARSAT-2              
1 32382U 07061A   15148.53373209  .00000214  00000-0  10000-3 0  9994
2 32382  98.5750 156.0595 0001310  99.1723  13.2369 14.29984754389019
CARTOSAT-2A             
1 32783U 08021A   15148.43870848  .00000149  00000-0  27346-4 0  9995
2 32783  97.8897 207.5702 0012195 221.3963 138.6327 14.78690056382199
IMS-1                   
1 32786U 08021D   15148.58323143  .00000994  00000-0  12652-3 0  9996
2 32786  97.6567 184.6526 0012926 153.7109 206.4752 14.83607148382726
JASON 2 (OSTM)          
1 33105U 08032A   15147.86406519 -.00000056  00000-0  21192-4 0  9993
2 33105  66.0422 242.3033 0008100 270.7373 196.1650 12.80928416324366
RAPIDEYE 2              
1 33312U 08040A   15148.57236690  .00000335  00000-0  51214-4 0  9999
2 33312  97.8709 235.5034 0010589 267.6838  92.3163 14.79915802364350
RAPIDEYE 5              
1 33313U 08040B   15148.59738947  .00000353  00000-0  53477-4 0  9997
2 33313  97.8605 233.8422 0018343 140.9319 219.3225 14.79913199364303
RAPIDEYE 1              
1 33314U 08040C   15148.58546321  .00000296  00000-0  46079-4 0  9996
2 33314  97.8670 235.2951 0022505 282.8690  77.0010 14.79908198364340
RAPIDEYE 3              
1 33315U 08040D   15148.62333643  .00000351  00000-0  53254-4 0  9998
2 33315  97.8587 233.6009 0011717 210.8632 149.1891 14.79916803364311
RAPIDEYE 4              
1 33316U 08040E   15148.60935173  .00000373  00000-0  56202-4 0  9993
2 33316  97.8566 233.2394 0012699 158.3504 201.8250 14.79913973364305
HUANJING 1A (HJ-1A)     
1 33320U 08041A   15148.59719971  .00000531  00000-0  84093-4 0  9998
2 33320  98.0302 210.6379 0025063 283.5081  76.3337 14.76167697362022
HUANJING 1B (HJ-1B)     
1 33321U 08041B   15148.63295830  .00000601  00000-0  93764-4 0  9990
2 33321  98.0337 211.4260 0033782 299.7001  60.0848 14.76199750362018
GEOEYE 1                
1 33331U 08042A   15148.52677197  .00000221  00000-0  50549-4 0  9992
2 33331  98.1063 223.8937 0010924 102.2476 257.9952 14.64551699359257
THEOS                   
1 33396U 08049A   15148.54810087  .00000170  00000-0  10000-3 0  9999
2 33396  98.6633 215.2282 0001203 108.5432 358.6118 14.20048201344940
COSMO-SKYMED 3          
1 33412U 08054A   15148.54693744  .00000507  00000-0  70245-4 0  9995
2 33412  97.8844 332.7822 0001591  92.0161 268.1265 14.82151867356464
YAOGAN 4                
1 33446U 08061A   15148.53585347  .00000485  00000-0  77441-4 0  9998
2 33446  97.6449 178.1012 0015946 216.7203 143.2908 14.75888580349273
GOSAT (IBUKI)           
1 33492U 09002A   15148.47417804 -.00000102  00000-0 -95192-5 0  9992
2 33492  98.0717 257.6679 0001631  89.4093 270.7299 14.67546081339723
YAOGAN 6                
1 34839U 09021A   15148.60270938  .00002235  00000-0  96363-4 0  9996
2 34839  97.2441 217.4015 0032611  96.9594   9.0769 15.23096167338220
DEIMOS-1                
1 35681U 09041A   15148.51941429  .00000150  00000-0  32203-4 0  9991
2 35681  98.0297  43.3137 0001488 149.5018 210.6288 14.71370198312745
DUBAISAT-1              
1 35682U 09041B   15148.51207789  .00000304  00000-0  60866-4 0  9993
2 35682  97.9016  28.1555 0012833  33.9081 326.2956 14.68191414312047
OCEANSAT 2              
1 35931U 09051A   15147.80792675  .00000258  00000-0  76511-4 0  9997
2 35931  98.2692 241.9264 0002255  12.8786  97.9191 14.50864744300500
WORLDVIEW-2 (WV-2)      
1 35946U 09055A   15148.50445836 -.00000014  00000-0  96736-5 0  9992
2 35946  98.3864 224.2852 0001611 123.4014 236.7330 14.37802276295646
SMOS                    
1 36036U 09059A   15148.52620886  .00000159  00000-0  64546-4 0  9991
2 36036  98.4455 335.9083 0001288  94.6834 265.4502 14.39771010292593
YAOGAN 7                
1 36110U 09069A   15148.60533602  .00000161  00000-0  31537-4 0  9990
2 36110  98.1110 289.7486 0024458 357.2069   2.8988 14.75166212294221
TANDEM-X                
1 36605U 10030A   15148.13704441  .00001111  00000-0  56090-4 0  9995
2 36605  97.4460 155.5402 0001323  92.6019 267.5367 15.19153315273596
CARTOSAT 2B             
1 36795U 10035A   15148.54212317  .00000434  00000-0  66281-4 0  9991
2 36795  97.9364 206.9887 0013563 302.3004  57.6893 14.78649282263257
YAOGAN 10               
1 36834U 10038A   15148.61204943  .00000334  00000-0  50425-4 0  9994
2 36834  97.8878 144.2834 0001322  93.7599 266.3747 14.80448404259412
COSMO-SKYMED 4          
1 37216U 10060A   15148.64397379 -.00000145  00000-0 -11627-4 0  9996
2 37216  97.8840 332.8743 0001473  94.8310 265.3154 14.82149844246561
SAC-D                   
1 37673U 11024A   15148.65174260  .00000228  00000-0  43949-4 0  9999
2 37673  98.0113 155.9134 0001405  97.6068  18.5871 14.72276348213060
HAIYANG 2A              
1 37781U 11043A   15148.54301212 -.00000382  00000-0 -32956-3 0  9995
2 37781  99.3457 159.7609 0001559 112.7726 247.3533 13.79297862190526
RASAT                   
1 37791U 11044D   15148.60218616  .00000208  00000-0  48447-4 0  9997
2 37791  98.1592 237.0192 0021312 325.1194  34.8612 14.64361200201915
MEGHA-TROPIQUES         
1 37838U 11058A   15147.80758603  .00000339  00000-0  42698-4 0  9997
2 37838  19.9789   0.1275 0009995 104.2519 255.8996 14.09686057186952
SRMSAT                  
1 37841U 11058D   15147.86518747  .00000347  00000-0  45744-4 0  9994
2 37841  19.9733 352.0009 0011903 109.2382   6.7224 14.10478757187073
YAOGAN 13               
1 37941U 11072A   15148.58202693  .00003718  00000-0  18741-3 0  9992
2 37941  97.4513  75.3628 0000518 252.3162 232.5587 15.17771686193791
PLEIADES 1A             
1 38012U 11076F   15148.63626647  .00000234  00000-0  60140-4 0  9992
2 38012  98.1935 223.6242 0001561  91.3179 268.8195 14.58564700183455
ZIYUAN 1-02C (ZY 1-02C) 
1 38038U 11079A   15148.47055343  .00000201  00000-0  85081-4 0  9999
2 38038  98.4294 221.9593 0001343 108.7622 251.3709 14.35401200179800
ZIYUAN 3 (ZY 3)         
1 38046U 12001A   15148.65691007  .00003283  00000-0  15000-3 0  9993
2 38046  97.3663 223.7312 0003763 127.7543 359.1077 15.21260466187848
RISAT 1                 
1 38248U 12017A   15148.64006433  .00001346  00000-0  89239-4 0  9990
2 38248  97.5609 155.8424 0005724  92.3741  29.2554 15.08939542170052
ARIRANG-3 (KOMPSAT-3)   
1 38338U 12025B   15148.52268675  .00000294  00000-0  68973-4 0  9997
2 38338  98.1259  86.4958 0010405 154.9338 205.2353 14.61334721161543
KANOPUS-V 1             
1 38707U 12039A   15148.61712975  .00001378  00000-0  67481-4 0  9996
2 38707  97.4695  64.1258 0001805  99.9659 345.6659 15.19835864158040
SPOT 6                  
1 38755U 12047A   15148.58218196  .00000228  00000-0  58790-4 0  9996
2 38755  98.1532 215.5535 0001338  95.4529 264.6813 14.58589751144522
PLEIADES 1B             
1 39019U 12068A   15148.60169250  .00000240  00000-0  61488-4 0  9994
2 39019  98.1992 223.4659 0001497  87.6681 272.4688 14.58556977132303
GOKTURK 2               
1 39030U 12073A   15148.55656454  .00000206  00000-0  46925-4 0  9995
2 39030  98.0717  43.9963 0014674 345.2000  14.8763 14.65407229130417
LANDSAT 8               
1 39084U 13008A   15147.36370156 -.00000159  00000-0 -25296-4 0  9990
2 39084  98.2252 217.4424 0001199  86.7432 273.3899 14.57107875121570
SARAL                   
1 39086U 13009A   15147.13404039 -.00003554  00000-0 -13024-2 0  9992
2 39086  98.5442 335.2435 0002218  62.9366 297.1873 14.32258789117465
GAOFEN 1                
1 39150U 13018A   15148.64064465  .00000334  00000-0  55312-4 0  9995
2 39150  98.0005 230.4138 0017730 318.2277  41.7578 14.76493410112499
VNREDSAT 1              
1 39160U 13021B   15148.61492557  .00000366  00000-0  80649-4 0  9990
2 39160  98.1492 225.5130 0001500 103.1286 257.0081 14.62984501109866
ARIRANG-5 (KOMPSAT-5)   
1 39227U 13042A   15148.59373711  .00006316  00000-0  45266-3 0  9990
2 39227  97.6021 334.5114 0005096 337.5494 109.1816 15.04710102 96839
SKYSAT-1                
1 39418U 13066C   15148.51494378  .00001624  00000-0  14422-3 0  9990
2 39418  97.7559 227.9432 0020206 282.1562  77.7396 14.97418147 82694
DUBAISAT-2              
1 39419U 13066D   15148.54030484 -.00002330  00000-0 -22070-3 0  9993
2 39419  97.7508 224.3025 0012286 244.4814 115.5125 14.92617585 82488
GPM-CORE                
1 39574U 14009C   15147.55072841  .00009452  00000-0  13950-3 0  9993
2 39574  65.0191 316.2060 0010139 277.1788  82.8199 15.55856394 70605
SENTINEL-1A             
1 39634U 14016A   15148.53858075 -.00000054  00000-0 -17986-5 0  9994
2 39634  98.1811 155.8930 0001393  78.4585 281.6781 14.59196932 61222
KAZEOSAT 1              
1 39731U 14024A   15148.63401866  .00000132  00000-0  53839-4 0  9995
2 39731  98.4845 223.9841 0001132  86.4929 273.6392 14.41970698 56728
ALOS-2                  
1 39766U 14029A   15148.59332247 -.00000419  00000-0 -49234-4 0  9993
2 39766  97.9199 245.7135 0001831  86.6994 273.4430 14.79466169 54622
KAZEOSAT 2              
1 40010U 14033A   15148.64555732  .00000284  00000-0  42350-4 0  9994
2 40010  97.9546  46.8061 0017848 196.7210 163.3418 14.82204163 50772
HODOYOSHI-4             
1 40011U 14033B   15148.61656260  .00000513  00000-0  74025-4 0  9999
2 40011  97.9521  45.4991 0026853 184.4936 175.6048 14.80252323 50693
DEIMOS-2                
1 40013U 14033D   15148.60505200  .00000702  00000-0  90702-4 0  9997
2 40013  97.9384  47.5217 0000436 106.8134 253.3126 14.84066561 50842
HODOYOSHI-3             
1 40015U 14033F   15147.64498480  .00000523  00000-0  79570-4 0  9994
2 40015  97.9490  43.1068 0037107 184.9489 175.1353 14.77644993 50478
SPOT 7                  
1 40053U 14034A   15148.54882750 -.00000045  00000-0  00000+0 0  9991
2 40053  98.1599 215.8320 0001106  70.3973 289.7350 14.58560363 48459
SKYSAT-2                
1 40072U 14037D   15148.61043120  .00000396  00000-0  59259-4 0  9996
2 40072  98.3559 219.3076 0005483 308.1932  51.8786 14.80492082 47901
WORLDVIEW-3 (WV-3)      
1 40115U 14048A   15148.59122263  .00000540  00000-0  69374-4 0  9999
2 40115  97.9538 223.7280 0002221  56.5844 303.5587 14.85180021 42712
YAOGAN 21               
1 40143U 14053A   15148.58779106  .00003841  00000-0  15366-3 0  9997
2 40143  97.3836 224.3170 0011394 331.3206 134.3936 15.25636481 40010
YAOGAN 22               
1 40275U 14063A   15148.53310952 -.00000044  00000-0  00000+0 0  9997
2 40275 100.3439 265.9849 0005752 350.8208   9.2803 13.15295343 28950
ASNARO                  
1 40298U 14070A   15148.57386266  .00004574  00000-0  21578-3 0  9993
2 40298  97.4615 230.8574 0002176  93.1655 267.0340 15.19488764 30874
HODOYOSHI-1             
1 40299U 14070B   15148.51494480  .00002355  00000-0  11492-3 0  9995
2 40299  97.4557 230.2753 0012895 194.4802 223.1102 15.19210363 30834
CHUBUSAT-1              
1 40300U 14070C   15148.58458858  .00002565  00000-0  13069-3 0  9999
2 40300  97.4531 229.6911 0022056 198.4042 269.0602 15.17478481 30803
QSAT-EOS                
1 40301U 14070D   15148.55131620  .00005242  00000-0  26730-3 0  9996
2 40301  97.4491 229.0440 0032081 200.4071 269.0567 15.16734658 30760
TSUBAME                 
1 40302U 14070E   15148.62639532  .00003254  00000-0  18522-3 0  9991
2 40302  97.4468 228.1281 0042773 203.6573 262.9343 15.12768733 30715
YAOGAN 23               
1 40305U 14071A   15148.61832948  .00003033  00000-0  15321-3 0  9999
2 40305  97.3529  92.9929 0000053 200.0635 285.5767 15.17816030 29567
YAOGAN 24               
1 40310U 14072A   15148.62920474  .00000381  00000-0  61713-4 0  9999
2 40310  97.9282 267.4532 0016673 334.0527  25.9847 14.76659337 27930
CBERS-4                 
1 40336U 14079A   15148.62780782  .00000090  00000-0  46721-4 0  9999
2 40336  98.5258 224.0421 0001842 103.5597 256.5799 14.35426241 24736
RESURS P2               
1 40360U 14087A   15148.62146311  .00002116  00000-0  65646-4 0  9997
2 40360  97.2859 243.3380 0003972 278.8445 195.6169 15.34509192 23446
YAOGAN 26               
1 40362U 14088A   15148.62761918  .00004704  00000-0  18105-3 0  9998
2 40362  97.4193 224.5839 0002143 258.9353 207.1723 15.26863238 23256
SMAP                    
1 40376U 15003A   15148.55188743  .00000288  00000-0  64748-4 0  9990
2 40376  98.1227 156.2546 0001026  57.7565 302.3733 14.63375679 17116
KOMPSAT 3A              
1 40536U 15014A   15148.53616630  .00001718  00000-0  10447-3 0  9994
2 40536  97.5172  88.1202 0015213  62.1239  55.8320 15.11685125  9611
