SARSAT 7 (NOAA 15)      
1 25338U 98030A   15166.40207046  .00000208  00000-0  10660-3 0  9999
2 25338  98.7722 165.0365 0010804 167.4684 192.6766 14.25631579888580
GPS BIIR-07             
1 26690U 01004A   15166.42098784  .00000062  00000-0  00000+0 0  9996
2 26690  53.0054 188.4447 0165029 248.2378 275.2226  2.00570396105313
METEOSAT-8 (MSG-1)      
1 27509U 02040B   15166.15937169  .00000002  00000-0  00000-0 0  9991
2 27509   3.5372  61.1178 0000246  43.0886 219.9305  1.00268035 46947
GPS BIIR-08             
1 27663U 03005A   15167.56872762 -.00000079  00000-0  00000+0 0  9991
2 27663  56.7452  13.3487 0081020  16.2277 352.8171  2.00576174 90702
INSAT 3A                
1 27714U 03013A   15166.88568535 -.00000274  00000-0  00000-0 0  9999
2 27714   0.0881 277.5679 0005626 170.5184 228.0680  1.00271045 44642
GPS BIIR-11             
1 28190U 04009A   15167.57492977 -.00000064  00000-0  00000+0 0  9993
2 28190  55.5630  74.9889 0113645  31.2708 256.3711  2.00556196 82382
GPS BIIR-12             
1 28361U 04023A   15167.52638425 -.00000007  00000-0  00000+0 0  9991
2 28361  54.3342 249.8308 0104003 208.2076 198.4385  2.00571466 80467
GPS BIIR-13             
1 28474U 04045A   15166.29160775 -.00000011  00000-0  00000+0 0  9996
2 28474  53.9182 127.8474 0148056 231.2934   1.4088  2.00574764 77804
SARSAT 10 (NOAA 18)     
1 28654U 05018A   15166.36199301  .00000176  00000-0  12108-3 0  9999
2 28654  99.1835 158.9598 0013745 329.9513  30.0868 14.12207236518815
GPS BIIR-14M            
1 28874U 05038A   15166.20941769 -.00000071  00000-0  00000+0 0  9990
2 28874  55.7298  72.2046 0103209 245.5820  34.3475  2.00551634 71201
MSG-2                   
1 28912U 05049B   15166.97302597  .00000045  00000-0  00000-0 0  9990
2 28912   0.8198  57.3067 0000904 199.3386   6.7940  1.00267630 34772
GOES 13                 
1 29155U 06018A   15167.83036859 -.00000265  00000-0  00000+0 0  9992
2 29155   0.1788 264.9562 0004214 191.0624  32.5402  1.00280744 33228
SARSAT 11 (METOP-A)     
1 29499U 06044A   15166.39923363  .00000124  00000-0  76553-4 0  9991
2 29499  98.6759 225.7730 0001761 122.0559 242.3113 14.21508202448854
GPS BIIR-16M            
1 29601U 06052A   15167.59403331 -.00000080  00000-0  00000+0 0  9997
2 29601  56.7141  12.2772 0054584  33.2574 129.5967  2.00565136 62853
GPS BIIR-17M            
1 32260U 07047A   15166.30960343 -.00000006  00000-0  00000+0 0  9994
2 32260  53.4660 246.8721 0070706  20.8092  69.6281  2.00565186 56219
GPS BIIR-18M            
1 32384U 07062A   15166.22947341 -.00000071  00000-0  00000+0 0  9994
2 32384  55.7787  72.7414 0013325 319.8553 206.7410  2.00555004 54947
SARSAT 12 (NOAA 19)     
1 33591U 09005A   15166.39473774  .00000152  00000-0  10751-3 0  9993
2 33591  98.9896 116.2687 0014052 170.7950 189.3482 14.11944777327231
GOES 14                 
1 35491U 09033A   15166.41787207 -.00000107  00000-0  00000-0 0  9991
2 35491   0.2419  97.7138 0002331  46.5877 164.9131  1.00269998 21845
GOES 15                 
1 36411U 10008A   15166.27892903  .00000069  00000-0  00000-0 0  9998
2 36411   0.1679 100.9061 0000622 323.7602 164.5111  1.00285935 19372
ELEKTRO-L 1             
1 37344U 11001A   15166.06767172 -.00000112  00000-0  10000-3 0  9998
2 37344   0.9724  80.7261 0002529 289.1379 353.3761  1.00270097 16164
GLONASS-K 1             
1 37372U 11009A   15166.58190502 -.00000045  00000-0  00000-0 0  9992
2 37372  65.0695  89.4587 0008007 242.5676 320.7151  2.13102896 33437
GPS BIIF-2              
1 37753U 11036A   15166.42471323 -.00000007  00000-0  00000+0 0  9998
2 37753  55.1424 130.0177 0042656  19.4894  74.6152  2.00564485 28644
LUCH 5A                 
1 37951U 11074B   15167.54593139 -.00000059  00000-0  00000+0 0  9991
2 37951   2.2507 235.8897 0003421 223.5466 168.5372  1.00272905 12891
MSG-3                   
1 38552U 12035B   15166.80720330 -.00000018  00000-0  00000-0 0  9996
2 38552   0.0457  79.1280 0000158   0.1191 115.5353  1.00261438 10913
SARSAT 13 (METOP-B)     
1 38771U 12049A   15167.80226677  .00000103  00000-0  66881-4 0  9997
2 38771  98.6975 227.7370 0001369 136.2162  10.1054 14.21488522142364
GPS BIIF-3              
1 38833U 12053A   15166.28385101 -.00000091  00000-0  00000+0 0  9993
2 38833  54.6220 308.7145 0031692  16.8738 343.2102  2.00563937 19727
GSAT0103 (GALILEO-FM3)  
1 38857U 12055A   15162.50695922  .00000043  00000-0  00000-0 0  9994
2 38857  54.9923 212.4745 0004884 230.7974 129.2421  1.70473615 16569
GSAT0104 (GALILEO-FM4)  
1 38858U 12055B   15165.37454179  .00000049  00000-0  00000-0 0  9996
2 38858  54.9926 212.3930 0003944 230.8182 129.2403  1.70473724 16613
GPS BIIF-4              
1 39166U 13023A   15167.13437200 -.00000068  00000-0  10000-3 0  9993
2 39166  55.4391  69.4238 0024335   7.9416 352.1176  2.00561667 15262
INSAT-3D                
1 39216U 13038B   15165.04401985 -.00000173  00000-0  00000-0 0  9997
2 39216   0.0548 278.7689 0000521 173.3516 267.8806  1.00275056  6820
GPS BIIF-5              
1 39533U 14008A   15166.13707073 -.00000093  00000-0  00000+0 0  9995
2 39533  54.7688 313.8915 0014687 175.9405 184.0519  2.00556848  9612
LUCH 5V                 
1 39727U 14023A   15164.60264648 -.00000284  00000-0  00000-0 0  9996
2 39727   4.0735 301.0821 0002929 157.7578 114.4513  1.00270316522194
GPS BIIF-6              
1 39741U 14026A   15166.91690158 -.00000010  00000-0  00000+0 0  9996
2 39741  55.1378 129.5093 0003004 243.0273 116.8909  2.00553518  7912
GPS BIIF-7              
1 40105U 14045A   15167.00232610 -.00000006  00000-0  00000+0 0  9994
2 40105  54.8490 249.3683 0003956 179.0163 181.0486  2.00548658  6368
GSAT0201                
1 40128U 14050A   15166.00871242 -.00000097  00000-0  00000-0 0  9995
2 40128  49.8301  74.6511 1568524  36.8703 332.9385  1.85518792  5671
GSAT0202                
1 40129U 14050B   15166.27645365 -.00000097  00000-0  00000+0 0  9999
2 40129  49.8886  73.6066 1568532  38.1145 331.9953  1.85519353  5874
GPS BIIF-8              
1 40294U 14068A   15166.87966537  .00000062  00000-0  00000+0 0  9995
2 40294  54.9633 189.6190 0010240 222.4175 137.5648  2.00563255  4584
GLONASS-K 2             
1 40315U 14075A   15166.31089681 -.00000066  00000-0  00000-0 0  9998
2 40315  64.7666 330.9224 0015783 235.0363 243.8502  2.13101374  4199
GPS BIIF-9              
1 40534U 15013A   15166.52026242 -.00000080  00000-0  00000-0 0  9997
2 40534  55.0302   9.4688 0001396  33.7071 326.3401  2.00574933  1630
GSAT0203                
1 40544U 15017A   15164.00576194 -.00000047  00000-0  00000-0 0  9992
2 40544  55.0913  92.7698 0003141 268.8280  91.0931  1.70475023  1302
GSAT0204                
1 40545U 15017B   15166.13211143 -.00000053  00000-0  00000-0 0  9996
2 40545  55.0970  92.7166 0003307 277.5120  82.4113  1.70475140  1339
