AOR-E (EGNOS/PRN 120)   
1 24307U 96053A   15166.28390478 -.00000139  00000-0  00000-0 0  9993
2 24307   1.1439  81.3290 0006563 354.7086 273.9149  1.00271321 68716
ARTEMIS (EGNOS/PRN 124) 
1 26863U 01029A   15167.77441171  .00000091  00000-0  00000+0 0  9998
2 26863  11.8355  41.0538 0001822 131.9924  31.8236  1.00270982 52103
MTSAT-1R (MSAS/PRN 129) 
1 28622U 05006A   15166.66521913 -.00000297  00000-0  00000-0 0  9992
2 28622   0.1987  87.6785 0002975 347.1143 208.2463  1.00272694 37707
CRE (WAAS/PRN 138)      
1 28868U 05036A   15166.53357894 -.00000090  00000-0  00000+0 0  9998
2 28868   0.0005 134.4699 0000702 347.1788 226.6234  1.00273786 35841
CRW (WAAS/PRN 135)      
1 28884U 05041A   15166.50655059  .00000063  00000-0  00000-0 0  9993
2 28884   0.0244 298.7004 0000837 162.2962 211.8298  1.00273411 35321
IOR-W (EGNOS/PRN 126)   
1 28899U 05044A   15166.91632284  .00000119  00000-0  00000+0 0  9993
2 28899   2.4407   1.5518 0002823 101.0417 156.2315  1.00273499 35202
MTSAT-2 (MSAS/PRN 137)  
1 28937U 06004A   15165.64966417 -.00000259  00000-0  00000+0 0  9996
2 28937   0.0398  91.4480 0003462 356.5761 193.4289  1.00268008 34058
AMR (WAAS/PRN 133)      
1 33278U 08039A   15166.46159355 -.00000155  00000-0  00000-0 0  9992
2 33278   3.0153 354.3990 0002851  82.0503 255.1692  1.00271405 24954
QZS-1 (QZSS/PRN 183)    
1 37158U 10045A   15167.57512197 -.00000127  00000-0  00000+0 0  9991
2 37158  40.6201 169.9911 0753993 269.9584 169.3264  1.00283670 17426
GSAT-8 (GAGAN/PRN 127)  
1 37605U 11022A   15166.00560875  .00000069  00000-0  00000-0 0  9992
2 37605   0.0524 121.5755 0003049 165.9807  32.4594  1.00272687 14928
LUCH 5A (SDCM/PRN 140)  
1 37951U 11074B   15167.54593139 -.00000059  00000-0  00000+0 0  9991
2 37951   2.2507 235.8897 0003421 223.5466 168.5372  1.00272905 12891
SES-5 (EGNOS/PRN 136)   
1 38652U 12036A   15165.25779643  .00000019  00000-0  00000+0 0  9996
2 38652   0.0794 270.5649 0002728 165.1918 284.2685  1.00271499 10750
GSAT-10 (GAGAN/PRN 128) 
1 38779U 12051B   15166.83079632 -.00000180  00000-0  00000-0 0  9990
2 38779   0.0803  95.6716 0002217 169.2772  20.8798  1.00269540  9984
LUCH 5B (SDCM/PRN 125)  
1 38977U 12061A   15166.29855493 -.00000145  00000-0  00000-0 0  9999
2 38977   2.0733  81.1248 0002545  60.1763 213.2214  1.00271452  9864
ASTRA 5B (EGNOS/PRN 123)
1 39617U 14011B   15165.18422201  .00000139  00000-0  00000+0 0  9993
2 39617   0.0271  10.2355 0002379  75.8592 273.9274  1.00269406  4557
LUCH 5V (SDCM/PRN 141)  
1 39727U 14023A   15164.60264648 -.00000284  00000-0  00000-0 0  9996
2 39727   4.0735 301.0821 0002929 157.7578 114.4513  1.00270316522194
