AKEBONO (EXOS-D)        
1 19822U 89016A   15167.83716961  .00062417  39367-6  13783-2 0  9995
2 19822  75.0392  26.6803 2101885 159.0663 323.1220 11.26942598825094
HST                     
1 20580U 90037B   15166.39889032  .00001932  00000-0  11288-3 0  9993
2 20580  28.4687 165.9218 0002812 214.4906 293.1019 15.07464771179456
POLAR                   
1 23802U 96013A   15163.44256823 -.00000301  00000-0  00000-0 0  9999
2 23802  78.6501 288.9743 7402294 354.5503   0.2310  1.29842623 92620
SWAS                    
1 25560U 98071A   15167.83394882  .00002146  00000-0  21785-3 0  9997
2 25560  69.9006 298.5195 0010341 217.2208 142.8201 14.92379272896388
ORSTED                  
1 25635U 99008B   15167.76674479  .00000443  00000-0  11331-3 0  9990
2 25635  96.4721 233.7084 0141011  60.4134  49.6689 14.47697963860401
CXO                     
1 25867U 99040B   15167.85579523 -.00000022  00000-0  00000+0 0  9998
2 25867  76.8751 307.5935 7551139 268.7529   0.2801  0.37793377 13287
XMM-NEWTON              
1 25989U 99066A   15164.02749968 -.00000380  00000-0  00000+0 0  9996
2 25989  66.2076  41.6705 8004762  93.4870 359.5714  0.50316413 17200
TERRA                   
1 25994U 99068A   15167.87498410 -.00000203  00000-0 -34906-4 0  9995
2 25994  98.2122 242.4410 0001492 108.4568 251.6728 14.57106379824176
CLUSTER II-FM6 (SALSA)  
1 26410U 00041A   15167.85375123  .00000251  00000-0  00000-0 0  9990
2 26410 132.4066 324.6006 5784977 135.8389 359.8189  0.44241022 14267
CLUSTER II-FM7 (SAMBA)  
1 26411U 00041B   15167.86987309  .00000141  00000-0  00000-0 0  9995
2 26411 131.5957 326.4921 6254583 141.5176 359.7570  0.44243322 14344
CLUSTER II-FM5 (RUMBA)  
1 26463U 00045A   15170.11964764  .00000286  00000-0  00000+0 0  9997
2 26463 134.9636 323.7876 5914002 138.7905 359.5732  0.44222958 14853
CLUSTER II-FM8 (TANGO)  
1 26464U 00045B   15167.85027630  .00000251  00000-0  00000+0 0  9999
2 26464 132.4035 324.5961 5786047 135.8298 359.8185  0.44224290 50185
ODIN                    
1 26702U 01007A   15167.76511576  .00003255  00000-0  23203-3 0  9991
2 26702  97.6397 181.2081 0012735  33.5053 326.6976 15.05213764781535
TIMED                   
1 26998U 01055B   15167.83682602  .00000883  00000-0  10189-3 0  9991
2 26998  74.0718 329.9216 0001485 227.0911 133.0145 14.87334828732721
RHESSI                  
1 27370U 02004A   15166.40170668  .00006690  00000-0  29306-3 0  9990
2 27370  38.0350 176.7106 0013830 233.7763 126.1726 15.21780823734291
INTEGRAL                
1 27540U 02048A   15163.89900700  .00000856  00000-0  00000+0 0  9999
2 27540  53.3911 218.4707 8121687 264.2253 359.8919  0.33439798 11606
CORIOLIS                
1 27640U 03001A   15167.70659069  .00000083  00000-0  60862-4 0  9992
2 27640  98.7512 176.5234 0012996 246.4374 242.6903 14.18842415644219
SORCE                   
1 27651U 03004A   15167.75565482  .00001644  00000-0  19116-3 0  9996
2 27651  39.9958  75.4730 0022608 144.5560 215.6736 14.87722121671789
MOST                    
1 27843U 03031D   15166.08389431  .00000076  00000-0  56036-4 0  9993
2 27843  98.7152 173.6277 0009419 333.1570  26.9119 14.20478515619872
SCISAT 1                
1 27858U 03036A   15167.59529960  .00000464  00000-0  71062-4 0  9991
2 27858  73.9320 191.4311 0006524 104.0576 256.1323 14.76814291637760
SWIFT                   
1 28485U 04047A   15166.35081037  .00003366  00000-0  21820-3 0  9992
2 28485  20.5560 212.1083 0011724 353.3062   6.7214 15.01820135577781
SUZAKU (ASTRO-EII)      
1 28773U 05025A   15165.96247591  .00004831  00000-0  26302-3 0  9992
2 28773  31.3842   2.4499 0005039 202.9393 157.1028 15.12896576546091
FORMOSAT-3 FM6          
1 29047U 06011A   15167.61214429  .00000280  00000-0  12685-3 0  9994
2 29047  71.9800 239.6833 0051784 331.9845  27.8505 14.28359101480295
FORMOSAT-3 FM1          
1 29048U 06011B   15166.39276670  .00000183  00000-0  88855-4 0  9990
2 29048  71.9670 155.1168 0046148 288.9391 175.0259 14.28315882482606
FORMOSAT-3 FM5          
1 29049U 06011C   15167.86550194  .00000208  00000-0  99291-4 0  9994
2 29049  72.0206 313.4274 0035812 328.9958 145.4797 14.28332852478598
FORMOSAT-3 FM3          
1 29050U 06011D   15167.75726638  .00000904  00000-0  20448-3 0  9992
2 29050  72.0169 285.2112 0049579  43.4927 317.0118 14.57865944489945
FORMOSAT-3 FM4          
1 29051U 06011E   15167.59295329  .00000266  00000-0  11988-3 0  9993
2 29051  72.0057 219.3169 0069305 206.3537 153.4069 14.28337299481144
FORMOSAT-3 FM2          
1 29052U 06011F   15167.81710491  .00000212  00000-0  10034-3 0  9993
2 29052  72.0354 287.6814 0041859 294.4138 229.9453 14.28435184479492
CLOUDSAT                
1 29107U 06016A   15166.38573274  .00000398  00000-0  98439-4 0  9997
2 29107  98.1932 110.0268 0001690 102.9036 257.2351 14.57113896485555
CALIPSO                 
1 29108U 06016B   15166.38467575  .00000800  00000-0  18765-3 0  9995
2 29108  98.1945 109.5862 0001495  82.5276 277.6093 14.57112531485627
HINODE (SOLAR-B)        
1 29479U 06041A   15166.01587902  .00000769  00000-0  15407-3 0  9995
2 29479  98.1460 165.7738 0017493   9.0237 351.1277 14.64447029466062
SJ-6C                   
1 29505U 06046A   15167.49835539  .00001406  00000-0  13800-3 0  9999
2 29505  97.7873 162.7982 0003969  31.3180 328.8246 14.93799093470617
SJ-6D                   
1 29506U 06046B   15167.15922272  .00001036  00000-0  10570-3 0  9994
2 29506  97.8019 161.3408 0003897  77.6503 282.5143 14.92795322470321
AGILE                   
1 31135U 07013A   15166.03417517  .00007838  00000-0  26024-3 0  9994
2 31135   2.4688  41.5675 0014030 143.9616 216.1385 15.25154172451389
AIM                     
1 31304U 07015A   15166.36642118  .00006249  00000-0  40803-3 0  9993
2 31304  97.9209 304.7299 0007144 106.0332 254.1682 15.08199999 46158
FGRST (GLAST)           
1 33053U 08029A   15165.72964181  .00002226  00000-0  11598-3 0  9998
2 33053  25.5834 312.3354 0013086  83.6178 276.5847 15.09938070386272
IBEX                    
1 33401U 08051A   15171.07696920 -.00001749  00000-0  00000-0 0  9991
2 33401  14.4488 108.2175 4225800  51.3719   1.3097  0.09796707  2831
WISE                    
1 36119U 09071A   15166.32456853  .00006064  00000-0  24639-3 0  9995
2 36119  97.5011 181.5666 0003807  48.3150 311.8413 15.24932811304427
SDO                     
1 36395U 10005A   15164.53979715 -.00000035  00000-0  00000-0 0  9994
2 36395  28.1237 153.7900 0002359 206.9670 353.1350  1.00271405 19702
CRYOSAT 2               
1 36508U 10013A   15166.39939492  .00000152  00000-0  36777-4 0  9996
2 36508  92.0239  25.0918 0006541 329.3921  30.6904 14.52177485274839
PICARD                  
1 36598U 10028A   15167.84796088  .00000303  00000-0  89078-4 0  9994
2 36598  98.3061 352.0027 0003518  66.5341 293.6229 14.50322538264740
SPEKTR-R                
1 37755U 11037A   15168.12035781 -.00002436  00000-0  00000+0 0  9992
2 37755  56.2747 106.1994 6409097 206.9295 356.1949  0.11797152  1683
GCOM-W1 (SHIZUKU)       
1 38337U 12025A   15167.83490020  .00000456  00000-0  11135-3 0  9999
2 38337  98.1956 107.7011 0001051  80.6800 336.3289 14.57092573163861
NUSTAR                  
1 38358U 12031A   15165.99947177  .00002834  00000-0  23457-3 0  9996
2 38358   6.0258 226.8054 0012196 184.7744 175.2268 14.86569508163105
RBSP A                  
1 38752U 12046A   15166.13250817 -.00000018  00000-0  76142-4 0  9998
2 38752   9.8208 170.5128 6810473 196.1821 120.6517  2.67373600 27235
RBSP B                  
1 38753U 12046B   15165.03723524  .00000006  00000-0  14981-3 0  9995
2 38753   9.8038 175.4399 6815828 186.7276 154.0677  2.65816000 27084
NEOSSAT                 
1 39089U 13009D   15166.14479973  .00000224  00000-0  95534-4 0  9993
2 39089  98.6041   3.9147 0010196 313.1314  46.9017 14.34249911120307
BRITE-AUSTRIA           
1 39091U 13009F   15166.12720469  .00000166  00000-0  73980-4 0  9999
2 39091  98.6037   4.7079 0009861 326.0485  34.0068 14.34889383120359
UNIBRITE                
1 39092U 13009G   15166.13149282  .00000162  00000-0  72840-4 0  9999
2 39092  98.6038   4.5174 0008586 319.2302  40.8239 14.34762235120340
IRIS                    
1 39197U 13033A   15166.39070482  .00000889  00000-0  13012-3 0  9996
2 39197  97.9076 349.3999 0028739  28.1228 332.1528 14.77807211105836
HISAKI (SPRINT-A)       
1 39253U 13049A   15166.31972371  .00000026  00000-0 -55877-4 0  9996
2 39253  29.7185 127.9956 0137261 201.4035 158.0754 13.55126590 85718
CASSIOPE                
1 39265U 13055A   15166.16674001  .00009560  00000-0  29795-3 0  9998
2 39265  80.9769  48.7738 0726298 201.6804 276.4378 14.13515999 87568
DANDE                   
1 39267U 13055C   15166.39354620  .00008577  00000-0  27169-3 0  9997
2 39267  81.0114  50.7047 0742276 206.3067 149.8575 14.09791877 85138
STSAT-3                 
1 39422U 13066G   15167.20065894  .00001729  00000-0  19035-3 0  9990
2 39422  97.7425 238.2733 0024572 132.8027 227.5248 14.88625776 84991
BRITE-PL                
1 39431U 13066R   15166.32666954  .00000362  00000-0  88326-4 0  9998
2 39431  97.6996 199.8683 0202475 224.6159 133.8587 14.46494972 82297
SWARM B                 
1 39451U 13067A   15166.37677861  .00002921  00000-0  13578-3 0  9994
2 39451  87.7543 106.8947 0002290  69.8041 290.3450 15.19592547 71946
SWARM A                 
1 39452U 13067B   15166.39250837  .00005910  00000-0  15601-3 0  9997
2 39452  87.3518  76.7829 0002385  72.3277 287.8237 15.38233502 87286
SWARM C                 
1 39453U 13067C   15166.39242814  .00005865  00000-0  15480-3 0  9998
2 39453  87.3519  78.1889 0002404  72.4005 287.7512 15.38235145 87248
BRITE-TORONTO           
1 40020U 14033L   15166.24351674  .00000626  00000-0  11639-3 0  9995
2 40020  97.9356  54.5376 0089183 134.3983 226.4568 14.65985946 52699
OCO 2                   
1 40059U 14035A   15166.37860862  .00000462  00000-0  11268-3 0  9993
2 40059  98.1949 107.4477 0001802  85.6683 274.4721 14.57105375 50669
BRITE-PL 2              
1 40119U 14049B   15166.16029127  .00001064  00000-0  13588-3 0  9999
2 40119  97.9906 242.9308 0016862 322.2859  37.7172 14.83467856 44365
RESURS P2               
1 40360U 14087A   15167.85810137  .00003914  00000-0  11897-3 0  9992
2 40360  97.2876 262.3414 0005276 187.7598 288.9136 15.34628773 26394
MMS 1                   
1 40482U 15011A   15166.28854274 -.00000373  00000-0  00000-0 0  9999
2 40482  29.0234  21.6663 8162177  36.4323 257.4492  1.00467927   961
MMS 2                   
1 40483U 15011B   15166.28853914 -.00000373  00000-0  00000-0 0  9990
2 40483  29.0230  21.5872 8171379  36.5426 257.0047  1.00471383   961
MMS 3                   
1 40484U 15011C   15166.28854024 -.00000373  00000-0  00000-0 0  9994
2 40484  29.0267  21.5466 8176020  36.5900 256.7111  1.00473367   823
MMS 4                   
1 40485U 15011D   15166.28853814 -.00000373  00000-0  00000-0 0  9991
2 40485  29.0295  21.5094 8180092  36.6024 256.5020  1.00475074   952
