ISS (ZARYA)             
1 25544U 98067A   15148.56158971  .00005236  00000-0  83013-4 0  9996
2 25544  51.6447 182.0204 0003919 354.7718 122.4225 15.55214694944987
TIANGONG 1              
1 37820U 11053A   15148.17062914  .00014453  00000-0  17324-3 0  9996
2 37820  42.7686  34.3240 0013462 253.3513 234.1878 15.60641274210191
SPINSAT                 
1 40314U 98067FL  15147.23324205  .00010913  00000-0  13880-3 0  9998
2 40314  51.6531 186.8737 0007172  26.1900 333.9451 15.59923301 79406
FLOCK 1B-27             
1 40422U 98067FN  15148.49397324  .00041732  00000-0  36106-3 0  9998
2 40422  51.6405 177.8583 0010828  22.7574  63.0122 15.68677523 22996
FLOCK 1B-28             
1 40423U 98067FP  15148.38214082  .00035988  00000-0  29810-3 0  9996
2 40423  51.6389 178.5755 0010493  26.1292  73.3930 15.69811478 22979
FLOCK 1B-21             
1 40427U 98067FQ  15148.43401321  .00031268  00000-0  27329-3 0  9990
2 40427  51.6408 178.1001 0009397  13.5643 127.2665 15.68592902 23013
FLOCK 1B-22             
1 40428U 98067FR  15148.54133244  .00033997  00000-0  30526-3 0  9993
2 40428  51.6414 178.0893 0010594  11.4110 116.9374 15.67871353 23028
FLOCK 1B-10             
1 40429U 98067FS  15148.48447307  .00036493  00000-0  31989-3 0  9993
2 40429  51.6409 178.3969 0011749  33.6427 122.9772 15.68408872 22986
FLOCK 1B-9              
1 40430U 98067FT  15148.32514307  .00232432  00000-0  13354-2 0  9999
2 40430  51.6404 177.4522 0017347  28.6625  64.1870 15.77325629 22986
FLOCK 1D-1              
1 40451U 98067FU  15147.52366634  .00038170  00000-0  34149-3 0  9990
2 40451  51.6387 183.2512 0012630  23.6828 125.0647 15.67872224 22844
FLOCK 1D-2              
1 40452U 98067FV  15148.48571264  .00028988  00000-0  31940-3 0  9996
2 40452  51.6437 179.9387 0010866  32.0486 119.1022 15.62807273 22978
FLOCK 1B-5              
1 40453U 98067FW  15148.49689524  .00108045  00000-0  10250-2 0  9990
2 40453  51.6427 179.2661 0011345  33.7615 112.2150 15.65994978 22979
FLOCK 1B-6              
1 40454U 98067FX  15148.47844009  .00036359  00000-0  32808-3 0  9992
2 40454  51.6431 178.3896 0011562  25.3969 116.8900 15.67702881 22981
GEARRS-1                
1 40456U 98067FZ  15147.52035177  .00039015  00000-0  37454-3 0  9991
2 40456  51.6457 183.9848 0011107   4.8100 151.5012 15.66139780 22840
MICROMAS                
1 40457U 98067GA  15147.53105729  .00095707  00000-0  63721-3 0  9990
2 40457  51.6369 181.7736 0015419  24.3832 128.4055 15.74464230 22855
FLOCK 1B-11             
1 40459U 98067GC  15148.35014784  .00035674  00000-0  32037-3 0  9996
2 40459  51.6402 179.1232 0010384  21.5137  77.7201 15.67845442 22983
FLOCK 1B-12             
1 40460U 98067GD  15148.34597089  .00030600  00000-0  29743-3 0  9995
2 40460  51.6417 179.9164 0010743  24.9997  44.3089 15.65958085 22972
