TDRS 3                  
1 19548U 88091B   15163.00859387 -.00000316  00000-0  00000-0 0  9990
2 19548  14.6267  16.0625 0029382 306.8550 237.7257  1.00265518 85022
HST                     
1 20580U 90037B   15166.39889032  .00001932  00000-0  11288-3 0  9993
2 20580  28.4687 165.9218 0002812 214.4906 293.1019 15.07464771179456
TDRS 5                  
1 21639U 91054B   15165.29139572  .00000069  00000-0  00000-0 0  9991
2 21639  13.7408  29.5233 0018818 339.8582 189.9602  1.00271308 87398
TDRS 6                  
1 22314U 93003B   15166.85783700 -.00000309  00000-0  00000-0 0  9997
2 22314  13.2131  32.3440 0002191 314.0522 180.2445  1.00278960 82075
TDRS 7                  
1 23613U 95035B   15166.75019475 -.00000219  00000-0  00000-0 0  9997
2 23613  14.5213  23.1737 0023225  21.1023 214.3442  1.00270390 72875
ISS (ZARYA)             
1 25544U 98067A   15167.89595318  .00014439  00000-0  21451-3 0  9995
2 25544  51.6456  85.4765 0004258  61.6322  21.3317 15.55433541947994
LANDSAT 7               
1 25682U 99020A   15166.62588277  .00000242  00000-0  63880-4 0  9994
2 25682  98.2179 236.5675 0001217  69.8365 290.2959 14.57109673859914
TERRA                   
1 25994U 99068A   15167.87498410 -.00000203  00000-0 -34906-4 0  9995
2 25994  98.2122 242.4410 0001492 108.4568 251.6728 14.57106379824176
TDRS 8                  
1 26388U 00034A   15165.81761363 -.00000244  00000-0  00000-0 0  9998
2 26388   6.2007  62.8061 0002864  17.5632 205.7561  1.00276937 54854
EO-1                    
1 26619U 00075A   15167.86024529  .00000034  00000-0  15236-4 0  9990
2 26619  97.9283 217.0873 0008278 261.5311  98.4924 14.64030868776518
TIMED                   
1 26998U 01055B   15167.83682602  .00000883  00000-0  10189-3 0  9991
2 26998  74.0718 329.9216 0001485 227.0911 133.0145 14.87334828732721
TDRS 9                  
1 27389U 02011A   15166.81285561 -.00000115  00000-0  00000-0 0  9996
2 27389   3.7508  90.5957 0014116 231.5259 222.2058  1.00269854 50145
AQUA                    
1 27424U 02022A   15167.83660897  .00000664  00000-0  15734-3 0  9991
2 27424  98.1954 108.7818 0000878 121.5409 295.8111 14.57119862697772
TDRS 10                 
1 27566U 02055A   15166.77393446  .00000064  00000-0  00000-0 0  9990
2 27566   3.7318  61.7712 0004289 221.6979  84.4131  1.00272382 45929
SORCE                   
1 27651U 03004A   15167.75565482  .00001644  00000-0  19116-3 0  9996
2 27651  39.9958  75.4730 0022608 144.5560 215.6736 14.87722121671789
AURA                    
1 28376U 04026A   15166.38906028  .00000715  00000-0  16864-3 0  9994
2 28376  98.1938 109.5274 0001483  83.8754 276.2614 14.57137087580560
SWIFT                   
1 28485U 04047A   15166.35081037  .00003366  00000-0  21820-3 0  9992
2 28485  20.5560 212.1083 0011724 353.3062   6.7214 15.01820135577781
THEMIS A                
1 30580U 07004A   15167.04166667 -.00000467  00000-0  00000+0 0  9990
2 30580  13.3284 322.2471 8301470 273.1561 248.3287  1.00264187 30284
THEMIS D                
1 30797U 07004D   15167.37194121  .00001108  00000-0  26598+0 0  9994
2 30797   8.0519 303.2640 8293037 292.1333   0.8630  1.00398368 30147
THEMIS E                
1 30798U 07004E   15163.36794955 -.00002883  00000-0 -38438+0 0  9990
2 30798   9.2124 316.9472 8296663 279.3371   0.2559  1.00398902 30254
AIM                     
1 31304U 07015A   15166.36642118  .00006249  00000-0  40803-3 0  9993
2 31304  97.9209 304.7299 0007144 106.0332 254.1682 15.08199999 46158
C/NOFS                  
1 32765U 08017A   15165.92109154  .00095267  00000-0  10447-2 0  9995
2 32765  12.9980  46.8219 0090632  29.1020  71.5100 15.56252369392583
FGRST (GLAST)           
1 33053U 08029A   15165.72964181  .00002226  00000-0  11598-3 0  9998
2 33053  25.5834 312.3354 0013086  83.6178 276.5847 15.09938070386272
WISE                    
1 36119U 09071A   15166.32456853  .00006064  00000-0  24639-3 0  9995
2 36119  97.5011 181.5666 0003807  48.3150 311.8413 15.24932811304427
TDRS 11                 
1 39070U 13004A   15166.77221280  .00000077  00000-0  00000+0 0  9998
2 39070   6.2470 329.9500 0008163 264.5089 136.2049  1.00277697  8709
TDRS 12                 
1 39504U 14004A   15166.88223284 -.00000288  00000-0  00000-0 0  9995
2 39504   6.6608 337.4143 0001907 186.0102  16.8752  1.00279781  5143
GPM-CORE                
1 39574U 14009C   15166.38723294  .00018551  00000-0  27066-3 0  9993
2 39574  65.0161 252.1546 0010727 280.1776  79.8160 15.55710557 73510
MMS 1                   
1 40482U 15011A   15166.28854274 -.00000373  00000-0  00000-0 0  9999
2 40482  29.0234  21.6663 8162177  36.4323 257.4492  1.00467927   961
MMS 2                   
1 40483U 15011B   15166.28853914 -.00000373  00000-0  00000-0 0  9990
2 40483  29.0230  21.5872 8171379  36.5426 257.0047  1.00471383   961
MMS 3                   
1 40484U 15011C   15166.28854024 -.00000373  00000-0  00000-0 0  9994
2 40484  29.0267  21.5466 8176020  36.5900 256.7111  1.00473367   823
MMS 4                   
1 40485U 15011D   15166.28853814 -.00000373  00000-0  00000-0 0  9991
2 40485  29.0295  21.5094 8180092  36.6024 256.5020  1.00475074   952
