DIRECTV 15              
1 40663U 15026A   15167.45001962 -.00000289  00000-0  00000+0 0  9999
2 40663   0.1015 263.4691 0000663 252.8653 203.2644  1.00272855   242
SKY MEXICO-1            
1 40664U 15026B   15167.36409609 -.00000255  00000-0  00000+0 0  9993
2 40664   0.0484 185.7722 0000306 192.1909 299.9022  1.00270326   251
ARIANE 5 R/B            
1 40665U 15026C   15165.96953724  .00003563  00000-0  93499-3 0  9992
2 40665   4.0404  28.4270 7274402 188.8596 141.9768  2.29135669   413
ARIANE 5 DEB [SYLDA]    
1 40666U 15026D   15166.03326715  .00022721  00000-0  76231-2 0  9997
2 40666   4.4505  24.5956 7275090 192.7572 126.8317  2.28408338   406
COSMOS 2505             
1 40667U 15027A   15167.85140042  .00396840 -10279-5  21821-3 0  9994
2 40667  81.4064 134.4416 0041093  74.6530   2.5493 16.17363185  1817
