METEOSAT-7              
1 24932U 97049B   15166.89604743  .00000034  00000-0  00000-0 0  9996
2 24932   9.6758  44.3127 0000524 178.3236  61.5768  1.00264635 65123
NOAA 15                 
1 25338U 98030A   15166.40207046  .00000208  00000-0  10660-3 0  9999
2 25338  98.7722 165.0365 0010804 167.4684 192.6766 14.25631579888580
METEOSAT-8 (MSG-1)      
1 27509U 02040B   15166.15937169  .00000002  00000-0  00000-0 0  9991
2 27509   3.5372  61.1178 0000246  43.0886 219.9305  1.00268035 46947
KALPANA-1 (METSAT 1)    
1 27525U 02043A   15167.90488921 -.00000099  00000-0  00000+0 0  9999
2 27525   5.0805  60.4713 0010953 215.6209  28.3837  1.00272064 46749
INSAT-3A                
1 27714U 03013A   15166.88568535 -.00000274  00000-0  00000-0 0  9999
2 27714   0.0881 277.5679 0005626 170.5184 228.0680  1.00271045 44642
HIMAWARI-6 (MTSAT-1R)   
1 28622U 05006A   15166.66521913 -.00000297  00000-0  00000-0 0  9992
2 28622   0.1987  87.6785 0002975 347.1143 208.2463  1.00272694 37707
NOAA 18                 
1 28654U 05018A   15166.36199301  .00000176  00000-0  12108-3 0  9999
2 28654  99.1835 158.9598 0013745 329.9513  30.0868 14.12207236518815
METEOSAT-9 (MSG-2)      
1 28912U 05049B   15166.97302597  .00000045  00000-0  00000-0 0  9990
2 28912   0.8198  57.3067 0000904 199.3386   6.7940  1.00267630 34772
MTSAT-2                 
1 28937U 06004A   15165.64966417 -.00000259  00000-0  00000+0 0  9996
2 28937   0.0398  91.4480 0003462 356.5761 193.4289  1.00268008 34058
FORMOSAT-3 FM6          
1 29047U 06011A   15167.61214429  .00000280  00000-0  12685-3 0  9994
2 29047  71.9800 239.6833 0051784 331.9845  27.8505 14.28359101480295
FORMOSAT-3 FM1          
1 29048U 06011B   15166.39276670  .00000183  00000-0  88855-4 0  9990
2 29048  71.9670 155.1168 0046148 288.9391 175.0259 14.28315882482606
FORMOSAT-3 FM5          
1 29049U 06011C   15167.86550194  .00000208  00000-0  99291-4 0  9994
2 29049  72.0206 313.4274 0035812 328.9958 145.4797 14.28332852478598
FORMOSAT-3 FM3          
1 29050U 06011D   15167.75726638  .00000904  00000-0  20448-3 0  9992
2 29050  72.0169 285.2112 0049579  43.4927 317.0118 14.57865944489945
FORMOSAT-3 FM4          
1 29051U 06011E   15167.59295329  .00000266  00000-0  11988-3 0  9993
2 29051  72.0057 219.3169 0069305 206.3537 153.4069 14.28337299481144
FORMOSAT-3 FM2          
1 29052U 06011F   15167.81710491  .00000212  00000-0  10034-3 0  9993
2 29052  72.0354 287.6814 0041859 294.4138 229.9453 14.28435184479492
GOES 13                 
1 29155U 06018A   15167.83036859 -.00000265  00000-0  00000+0 0  9992
2 29155   0.1788 264.9562 0004214 191.0624  32.5402  1.00280744 33228
METOP-A                 
1 29499U 06044A   15166.39923363  .00000124  00000-0  76553-4 0  9991
2 29499  98.6759 225.7730 0001761 122.0559 242.3113 14.21508202448854
FENGYUN 2D              
1 29640U 06053A   15165.73802582 -.00000216  00000-0  10000-3 0  9992
2 29640   3.0803  68.2583 0002557 119.7898  66.8551  1.00266614 31248
FENGYUN 3A              
1 32958U 08026A   15166.77059188  .00000052  00000-0  44640-4 0  9996
2 32958  98.5021 217.3349 0008692 243.6207 116.4079 14.19561134365425
FENGYUN 2E              
1 33463U 08066A   15166.90222510 -.00000257  00000-0  00000-0 0  9994
2 33463   2.5984  58.9048 0001773 148.9878 116.2205  1.00084443 23787
NOAA 19                 
1 33591U 09005A   15166.39473774  .00000152  00000-0  10751-3 0  9993
2 33591  98.9896 116.2687 0014052 170.7950 189.3482 14.11944777327231
GOES 14                 
1 35491U 09033A   15166.41787207 -.00000107  00000-0  00000-0 0  9991
2 35491   0.2419  97.7138 0002331  46.5877 164.9131  1.00269998 21845
METEOR-M 1              
1 35865U 09049A   15167.73702686  .00000109  00000-0  68206-4 0  9994
2 35865  98.5007 208.1003 0003621 109.4545 358.3742 14.22031858298142
GOES 15                 
1 36411U 10008A   15166.27892903  .00000069  00000-0  00000-0 0  9998
2 36411   0.1679 100.9061 0000622 323.7602 164.5111  1.00285935 19372
COMS 1                  
1 36744U 10032A   15165.58728957 -.00000360  00000-0  00000-0 0  9999
2 36744   0.0236  75.4199 0000799 353.4872 173.2699  1.00271836 18339
FENGYUN 3B              
1 37214U 10059A   15167.88436378  .00000091  00000-0  68654-4 0  9992
2 37214  98.7913 121.2368 0017971  63.6844 296.6165 14.15757920239061
ELEKTRO-L 1 (GOMS 2)    
1 37344U 11001A   15166.06767172 -.00000112  00000-0  10000-3 0  9998
2 37344   0.9724  80.7261 0002529 289.1379 353.3761  1.00270097 16164
SUOMI NPP               
1 37849U 11061A   15167.81062186  .00000080  00000-0  58339-4 0  9992
2 37849  98.6980 107.1397 0001919  88.2862 330.7152 14.19557629188327
FENGYUN 2F              
1 38049U 12002A   15166.95715312 -.00000373  00000-0  10000-3 0  9999
2 38049   0.2856  50.9031 0002284 177.4364 131.9179  1.00281437 12597
METEOSAT-10 (MSG-3)     
1 38552U 12035B   15166.80720330 -.00000018  00000-0  00000-0 0  9996
2 38552   0.0457  79.1280 0000158   0.1191 115.5353  1.00261438 10913
METOP-B                 
1 38771U 12049A   15167.80226677  .00000103  00000-0  66881-4 0  9997
2 38771  98.6975 227.7370 0001369 136.2162  10.1054 14.21488522142364
FENGYUN 3C              
1 39260U 13052A   15167.87599275  .00000067  00000-0  52704-4 0  9998
2 39260  98.7297 240.0334 0000766  71.6567 288.4681 14.19564756 89621
METEOR-M 2              
1 40069U 14037A   15167.52510072  .00000015  00000-0  27671-4 0  9999
2 40069  98.7563 222.1693 0006044 153.6884 206.4605 14.20611025 48673
HIMAWARI 8              
1 40267U 14060A   15166.66281227 -.00000291  00000-0  00000+0 0  9995
2 40267   0.0118  72.7527 0000399  81.8177 128.3195  1.00272175  2550
FENGYUN 2G              
1 40367U 14090A   15167.83527890 -.00000343  00000-0  00000+0 0  9996
2 40367   1.9426 276.9883 0005288 255.1501 137.9017  1.00262220  1755
