APRIZESAT 2             
1 28366U 04025A   15167.78902554  .00000190  00000-0  74243-4 0  9990
2 28366  98.3277  93.9053 0109222  78.6511 282.6923 14.36454836574581
SAUDICOMSAT 1           
1 28369U 04025D   15167.84016624  .00000346  00000-0  95654-4 0  9996
2 28369  98.0915 130.7353 0034915 118.9031 241.5675 14.52089197580648
SAUDICOMSAT 2           
1 28370U 04025E   15166.34305944  .00000255  00000-0  80706-4 0  9999
2 28370  98.2084 118.3279 0057077 225.3589 134.2943 14.47070115578448
APRIZESAT 1             
1 28372U 04025G   15166.38929575  .00000207  00000-0  64895-4 0  9995
2 28372  98.1559 123.0261 0046569 174.8950 337.9437 14.49301078579363
NANOSAT-1               
1 28493U 04049B   15166.15770027  .00000733  00000-0  12273-3 0  9992
2 28493  98.3018 212.7783 0004981 157.8999 234.4319 14.72895493563009
SAUDICOMSAT 7           
1 31119U 07012C   15167.65845923  .00000371  00000-0  82594-4 0  9990
2 31119  97.8526 152.4259 0059804 206.0225 153.7967 14.61251008435115
SAUDICOMSAT 6           
1 31121U 07012E   15167.84615068  .00000352  00000-0  83591-4 0  9996
2 31121  97.9115 142.8211 0075677 255.2016 166.2616 14.58072185434228
SAUDICOMSAT 5           
1 31124U 07012H   15167.67478437  .00000438  00000-0  92873-4 0  9995
2 31124  97.8224 158.4410 0051971 181.4438 178.6623 14.62912237435585
SAUDICOMSAT 3           
1 31125U 07012J   15167.69420505  .00000552  00000-0  11096-3 0  9995
2 31125  97.7952 164.6313 0044241 158.0258 202.2856 14.64590229436067
SAUDICOMSAT 4           
1 31127U 07012L   15167.66560074  .00000355  00000-0  81668-4 0  9994
2 31127  97.8806 147.7759 0067356 229.5697 129.9617 14.59770639434671
APRIZESAT 4             
1 35684U 09041D   15167.76178940  .00000671  00000-0  97709-4 0  9992
2 35684  98.0718  94.4342 0046410 295.0772 116.6021 14.78584684317030
APRIZESAT 3             
1 35686U 09041F   15167.88895994  .00001133  00000-0  12934-3 0  9992
2 35686  98.1925 129.0902 0073095 230.2761 129.1997 14.86403664318521
AISSAT 1                
1 36797U 10035C   15167.80974826  .00001513  00000-0  18390-3 0  9999
2 36797  98.0118 265.2331 0010644 216.9409 143.1074 14.84962157266729
